00000001.jpg 0 0.096875 0.275000 0.106250 0.387500
00000002.jpg 0 0.485938 0.556250 0.309375 0.787500
00000003.jpg 0 0.505859 0.565625 0.246094 0.687500
00000007.jpg 0 0.492188 0.485938 0.384375 0.828125
00000009.jpg 0 0.500000 0.565625 0.404682 0.687500
00000011.jpg 0 0.491189 0.521875 0.303965 0.812500
00000015.jpg 0 0.502092 0.501563 0.832636 0.571875
00000017.jpg 0 0.703261 0.651563 0.280435 0.684375
00000018.jpg 0 0.552083 0.612853 0.812500 0.536050
00000019.jpg 0 0.504687 0.507812 0.321875 0.771875
00000020.jpg 0 0.500000 0.579688 0.417219 0.746875
00000022.jpg 0 0.503125 0.518750 0.262500 0.875000
00000023.jpg 0 0.500000 0.464062 0.400000 0.878125
00000024.jpg 0 0.506250 0.512500 0.287500 0.856250
00000025.jpg 0 0.739583 0.600000 0.154167 0.668750
00000028.jpg 0 0.418182 0.490625 0.318182 0.837500
00000029.jpg 0 0.276042 0.698333 0.097917 0.563333
00000031.jpg 0 0.502347 0.659375 0.272300 0.637500
00000034.jpg 0 0.497817 0.501563 0.366812 0.928125
00000036.jpg 0 0.103125 0.518927 0.131250 0.621451
00000038.jpg 0 0.500000 0.515625 0.727700 0.918750
00000043.jpg 0 0.500000 0.512500 0.327586 0.825000
00000044.jpg 0 0.320312 0.553125 0.315625 0.856250
00000050.jpg 0 0.500000 0.492188 0.306792 0.884375
00000052.jpg 0 0.648438 0.590625 0.628125 0.768750
00000056.jpg 0 0.520312 0.551562 0.428125 0.715625
00000058.jpg 0 0.496875 0.501563 0.314583 0.921875
00000059.jpg 0 0.495413 0.525000 0.825688 0.950000
00000061.jpg 0 0.271875 0.724453 0.077083 0.427007
00000062.jpg 0 0.500000 0.496875 0.312500 0.906250
00000063.jpg 0 0.838542 0.511765 0.072917 0.823529
00000066.jpg 0 0.474299 0.559375 0.602804 0.775000
00000067.jpg 0 0.487437 0.504687 0.452261 0.740625
00000068.jpg 0 0.497917 0.501852 0.270833 0.937037
00000073.jpg 0 0.500000 0.510938 0.316159 0.834375
00000074.jpg 0 0.500000 0.534375 0.456250 0.831250
00000079.jpg 0 0.504687 0.498437 0.378125 0.809375
00000083.jpg 0 0.483568 0.573438 0.572770 0.709375
00000087.jpg 0 0.840625 0.539062 0.300000 0.503125
00000090.jpg 0 0.501563 0.514062 0.259375 0.915625
00000094.jpg 0 0.120313 0.548438 0.221875 0.665625
00000095.jpg 0 0.508333 0.507812 0.216667 0.746875
00000098.jpg 0 0.321875 0.567187 0.287500 0.684375
00000100.jpg 0 0.615625 0.549801 0.114583 0.741036
00000101.jpg 0 0.503125 0.501563 0.300000 0.971875
00000102.jpg 0 0.611250 0.378125 0.767500 0.750000
00000103.jpg 0 0.300000 0.526563 0.595833 0.228125
00000105.jpg 0 0.524059 0.514062 0.127615 0.621875
00000106.jpg 0 0.436620 0.498437 0.507042 0.646875
00000108.jpg 0 0.518750 0.485938 0.708333 0.559375
00000109.jpg 0 0.507042 0.504687 0.413146 0.821875
00000110.jpg 0 0.173958 0.603175 0.214583 0.793651
00000111.jpg 0 0.504687 0.553125 0.403125 0.768750
00000112.jpg 0 0.128125 0.536538 0.122917 0.757692
00000114.jpg 0 0.503125 0.537500 0.368750 0.787500
00000115.jpg 0 0.125796 0.295312 0.168790 0.421875
00000119.jpg 0 0.507177 0.526563 0.794258 0.946875
00000120.jpg 0 0.500000 0.495312 0.370892 0.759375
00000123.jpg 0 0.501563 0.606250 0.365625 0.668750
00000124.jpg 0 0.497567 0.501563 0.197080 0.928125
00000128.jpg 0 0.479915 0.534375 0.160677 0.731250
00000130.jpg 0 0.830263 0.573438 0.165789 0.628125
00000131.jpg 0 0.760417 0.528125 0.354167 0.925000
00000132.jpg 0 0.286058 0.773438 0.129808 0.315625
00000134.jpg 0 0.142857 0.585938 0.121780 0.440625
00000136.jpg 0 0.106250 0.500000 0.162500 0.824701
00000137.jpg 0 0.271875 0.800000 0.097917 0.337500
00000138.jpg 0 0.501563 0.496875 0.465625 0.893750
00000139.jpg 0 0.185294 0.637500 0.170588 0.668750
00000142.jpg 0 0.169617 0.760938 0.115044 0.371875
00000144.jpg 0 0.522248 0.395313 0.805621 0.678125
00000148.jpg 0 0.372651 0.520312 0.139875 0.859375
00000149.jpg 0 0.500000 0.543750 0.281250 0.818750
00000151.jpg 0 0.462963 0.573438 0.735450 0.759375
00000153.jpg 0 0.192188 0.785937 0.128125 0.303125
00000156.jpg 0 0.383333 0.594444 0.404167 0.774074
00000157.jpg 0 0.198006 0.621875 0.168091 0.612500
00000158.jpg 0 0.519231 0.517188 0.510989 0.671875
00000159.jpg 0 0.173437 0.653125 0.221875 0.637500
00000161.jpg 0 0.102709 0.720313 0.128668 0.434375
00000164.jpg 0 0.518182 0.626563 0.174026 0.634375
00000170.jpg 0 0.506024 0.462500 0.259036 0.843750
00000172.jpg 0 0.362500 0.685937 0.362500 0.409375
00000178.jpg 0 0.548958 0.600000 0.752083 0.592593
00000184.jpg 0 0.276536 0.546875 0.335196 0.843750
00000185.jpg 0 0.218750 0.534562 0.104167 0.829493
00000190.jpg 0 0.500000 0.537500 0.145833 0.775000
00000191.jpg 0 0.235294 0.656250 0.113445 0.581250
00000198.jpg 0 0.527140 0.453125 0.849687 0.706250
00000199.jpg 0 0.506250 0.489063 0.256250 0.971875
00000202.jpg 0 0.876325 0.709375 0.148410 0.343750
00000203.jpg 0 0.328125 0.620313 0.212500 0.684375
00000207.jpg 0 0.262500 0.532813 0.293750 0.865625
00000212.jpg 0 0.574580 0.676562 0.607143 0.309375
00000213.jpg 0 0.037500 0.817568 0.062500 0.310811
00000215.jpg 0 0.479687 0.532813 0.340625 0.721875
00000216.jpg 0 0.160938 0.446875 0.171875 0.537500
00000218.jpg 0 0.504695 0.537500 0.671362 0.918750
00000219.jpg 0 0.500000 0.543750 0.439331 0.681250
00000220.jpg 0 0.495305 0.565625 0.633803 0.818750
00000221.jpg 0 0.450000 0.510938 0.243750 0.834375
00000223.jpg 0 0.848649 0.556250 0.210811 0.806250
00000224.jpg 0 0.301042 0.331597 0.081250 0.239583
00000225.jpg 0 0.390511 0.576562 0.518248 0.653125
00000226.jpg 0 0.668750 0.507634 0.158333 0.893130
00000228.jpg 0 0.459375 0.540000 0.547917 0.913333
00000229.jpg 0 0.151562 0.614062 0.146875 0.353125
00000230.jpg 0 0.500000 0.539062 0.350000 0.821875
00000231.jpg 0 0.229167 0.585000 0.145833 0.730000
00000232.jpg 0 0.503282 0.679688 0.196937 0.640625
00000239.jpg 0 0.093679 0.670312 0.137698 0.603125
00000240.jpg 0 0.518779 0.518750 0.427230 0.837500
00000241.jpg 0 0.267708 0.781250 0.064583 0.370833
00000242.jpg 0 0.096875 0.578125 0.114583 0.621528
00000248.jpg 0 0.501880 0.500000 0.575188 0.937500
00000249.jpg 0 0.481771 0.589063 0.651042 0.753125
00000254.jpg 0 0.484375 0.545312 0.350000 0.628125
00000258.jpg 0 0.478125 0.521875 0.431250 0.793750
00000259.jpg 0 0.299296 0.557813 0.194836 0.790625
00000261.jpg 0 0.823438 0.617188 0.128125 0.496875
00000262.jpg 0 0.497788 0.550000 0.535398 0.787500
00000263.jpg 0 0.739583 0.526936 0.179167 0.818182
00000267.jpg 0 0.346875 0.532813 0.225000 0.665625
00000269.jpg 0 0.206250 0.762500 0.116667 0.450000
00000270.jpg 0 0.492188 0.573438 0.378125 0.740625
00000272.jpg 0 0.549296 0.501563 0.375587 0.571875
00000280.jpg 0 0.037500 0.645312 0.062500 0.146875
00000283.jpg 0 0.531250 0.651563 0.083333 0.446875
00000284.jpg 0 0.563542 0.475000 0.135417 0.693750
00000285.jpg 0 0.534375 0.525000 0.250000 0.812500
00000286.jpg 0 0.320312 0.764062 0.453125 0.284375
00000291.jpg 0 0.144850 0.648438 0.130901 0.640625
00000296.jpg 0 0.082812 0.596875 0.096875 0.312500
00000297.jpg 0 0.490625 0.478125 0.331250 0.768750
00000299.jpg 0 0.104683 0.348438 0.143251 0.546875
00000300.jpg 0 0.501946 0.526563 0.272374 0.715625
00000301.jpg 0 0.603030 0.531250 0.303030 0.881250
00000305.jpg 0 0.390625 0.604688 0.756250 0.790625
00000306.jpg 0 0.679688 0.532813 0.259375 0.853125
00000308.jpg 0 0.504167 0.501563 0.541667 0.853125
00000319.jpg 0 0.256250 0.553785 0.125000 0.756972
00000320.jpg 0 0.500000 0.579688 0.393750 0.721875
00000321.jpg 0 0.148585 0.270313 0.084906 0.421875
00000322.jpg 0 0.502212 0.515625 0.349558 0.893750
00000323.jpg 0 0.345313 0.521875 0.228125 0.662500
00000327.jpg 0 0.104688 0.523438 0.128125 0.409375
00000335.jpg 0 0.500000 0.514062 0.793750 0.459375
00000336.jpg 0 0.470833 0.510239 0.150000 0.836177
00000337.jpg 0 0.405660 0.475000 0.665094 0.793750
00000338.jpg 0 0.512500 0.568750 0.418750 0.787500
00000342.jpg 0 0.190625 0.790625 0.131250 0.325000
00000358.jpg 0 0.843750 0.592282 0.112500 0.513423
00000365.jpg 0 0.292735 0.548438 0.576923 0.865625
00000366.jpg 0 0.279687 0.521875 0.109375 0.350000
00000373.jpg 0 0.504687 0.503125 0.278125 0.831250
00000375.jpg 0 0.179157 0.753125 0.096019 0.412500
00000377.jpg 0 0.594415 0.509375 0.194149 0.875000
00000380.jpg 0 0.500000 0.504687 0.540741 0.740625
00000382.jpg 0 0.238663 0.548438 0.190931 0.765625
00000386.jpg 0 0.500000 0.500000 0.558685 0.787500
00000389.jpg 0 0.134375 0.704688 0.156250 0.453125
00000400.jpg 0 0.522026 0.542188 0.348018 0.778125
00000401.jpg 0 0.498437 0.542188 0.515625 0.765625
00000408.jpg 0 0.243750 0.615625 0.206250 0.606250
00000409.jpg 0 0.462500 0.540625 0.256250 0.818750
00000410.jpg 0 0.588542 0.525926 0.131250 0.777778
00000412.jpg 0 0.500000 0.539062 0.802281 0.921875
00000414.jpg 0 0.498264 0.506250 0.461806 0.837500
00000417.jpg 0 0.373437 0.607812 0.234375 0.465625
00000420.jpg 0 0.591858 0.700000 0.093946 0.431250
00000422.jpg 0 0.160417 0.568562 0.145833 0.555184
00000424.jpg 0 0.392019 0.493750 0.586854 0.875000
00000426.jpg 0 0.293427 0.535937 0.333333 0.740625
00000429.jpg 0 0.509434 0.453125 0.876310 0.793750
00000434.jpg 0 0.198958 0.577083 0.139583 0.845833
00000437.jpg 0 0.484375 0.515625 0.281250 0.837500
00000441.jpg 0 0.287162 0.485938 0.263514 0.690625
00000443.jpg 0 0.500000 0.500000 0.784615 0.850000
00000447.jpg 0 0.506250 0.498437 0.393750 0.878125
00000453.jpg 0 0.094792 0.589796 0.147917 0.820408
00000460.jpg 0 0.595833 0.581250 0.170833 0.837500
00000461.jpg 0 0.511173 0.532813 0.497207 0.790625
00000464.jpg 0 0.400826 0.512500 0.146006 0.381250
00000466.jpg 0 0.591335 0.495312 0.133489 0.509375
00000470.jpg 0 0.326042 0.570370 0.206250 0.859259
00000472.jpg 0 0.257812 0.664062 0.440625 0.540625
00000473.jpg 0 0.501563 0.543750 0.296875 0.825000
00000480.jpg 0 0.568345 0.693750 0.172662 0.331250
00000481.jpg 0 0.567916 0.767188 0.180328 0.465625
00000483.jpg 0 0.264062 0.500000 0.221875 0.750000
00000486.jpg 0 0.598958 0.576562 0.202083 0.646875
00000487.jpg 0 0.134375 0.698438 0.175000 0.553125
00000494.jpg 0 0.697740 0.660937 0.502825 0.509375
00000497.jpg 0 0.785417 0.627737 0.275000 0.744526
00000499.jpg 0 0.500000 0.529687 0.307393 0.684375
00000509.jpg 0 0.079167 0.529412 0.112500 0.814480
00000510.jpg 0 0.495327 0.526563 0.439252 0.803125
00000512.jpg 0 0.757812 0.545312 0.228125 0.765625
00000518.jpg 0 0.117517 0.551562 0.146341 0.653125
00000519.jpg 0 0.159375 0.600000 0.218750 0.600000
00000521.jpg 0 0.617647 0.606250 0.154062 0.693750
00000523.jpg 0 0.498437 0.551562 0.428125 0.840625
00000532.jpg 0 0.497788 0.517188 0.429204 0.865625
00000541.jpg 0 0.489063 0.539062 0.446875 0.828125
00000551.jpg 0 0.294372 0.796875 0.363636 0.225000
00000560.jpg 0 0.367273 0.520312 0.290909 0.859375
00000564.jpg 0 0.500000 0.571875 0.874214 0.825000
00000568.jpg 0 0.478972 0.504687 0.640187 0.890625
00000574.jpg 0 0.264583 0.556250 0.200000 0.868750
00000579.jpg 0 0.140625 0.525822 0.081250 0.619718
00000583.jpg 0 0.510438 0.478125 0.958246 0.637500
00000584.jpg 0 0.504684 0.484375 0.292740 0.862500
00000587.jpg 0 0.374707 0.706250 0.327869 0.587500
00000590.jpg 0 0.441088 0.546875 0.851964 0.900000
00000592.jpg 0 0.117954 0.540625 0.148225 0.762500
00000599.jpg 0 0.103982 0.646875 0.181416 0.475000
00000604.jpg 0 0.498958 0.604688 0.152083 0.696875
00000614.jpg 0 0.472917 0.748437 0.583333 0.503125
00000615.jpg 0 0.497423 0.537500 0.458763 0.906250
00000619.jpg 0 0.495312 0.573438 0.478125 0.803125
00000626.jpg 0 0.228814 0.646893 0.144068 0.519774
00000631.jpg 0 0.500000 0.523438 0.268482 0.759375
00000644.jpg 0 0.238542 0.512539 0.152083 0.843260
00000661.jpg 0 0.125000 0.481250 0.224576 0.818750
00000665.jpg 0 0.367708 0.796667 0.306250 0.313333
00000666.jpg 0 0.584507 0.560937 0.380282 0.803125
00000684.jpg 0 0.264062 0.621875 0.309375 0.581250
00000685.jpg 0 0.492157 0.526563 0.600000 0.790625
00000686.jpg 0 0.501634 0.562500 0.284314 0.862500
00000695.jpg 0 0.495312 0.562500 0.265625 0.862500
00000699.jpg 0 0.166071 0.743750 0.139286 0.412500
00000700.jpg 0 0.404167 0.494444 0.166667 0.914815
00000705.jpg 0 0.486034 0.539062 0.156425 0.578125
00000717.jpg 0 0.341667 0.529687 0.187500 0.871875
00000727.jpg 0 0.358333 0.640625 0.137500 0.656250
00000729.jpg 0 0.500000 0.496296 0.229167 0.896296
00000732.jpg 0 0.373626 0.717187 0.454212 0.153125
00000734.jpg 0 0.503750 0.539062 0.222500 0.540625
00000739.jpg 0 0.371875 0.765625 0.081250 0.400000
00000751.jpg 0 0.503891 0.529687 0.315175 0.715625
00000758.jpg 0 0.619792 0.675000 0.727083 0.525000
00000760.jpg 0 0.507901 0.445312 0.708804 0.596875
00000762.jpg 0 0.225058 0.510938 0.157773 0.659375
00000764.jpg 0 0.597403 0.443750 0.290043 0.500000
00000767.jpg 0 0.415691 0.604688 0.138173 0.365625
00000768.jpg 0 0.752717 0.520312 0.190217 0.778125
00000775.jpg 0 0.266409 0.526563 0.432432 0.659375
00000778.jpg 0 0.360938 0.657813 0.109375 0.471875
00000784.jpg 0 0.201136 0.509375 0.202273 0.750000
00000789.jpg 0 0.507812 0.506250 0.428125 0.900000
00000791.jpg 0 0.147541 0.500000 0.224824 0.875000
00000792.jpg 0 0.496875 0.557813 0.500000 0.840625
00000798.jpg 0 0.379717 0.603125 0.136792 0.562500
00000801.jpg 0 0.726913 0.585938 0.398417 0.784375
00000808.jpg 0 0.667708 0.260937 0.589583 0.459375
00000815.jpg 0 0.081250 0.598437 0.068750 0.153125
00000831.jpg 0 0.545667 0.462500 0.505855 0.831250
00000847.jpg 0 0.500000 0.583333 0.517483 0.820513
00000848.jpg 0 0.122642 0.590625 0.153040 0.668750
00000861.jpg 0 0.077083 0.650662 0.079167 0.367550
00000874.jpg 0 0.511737 0.556250 0.572770 0.856250
00000878.jpg 0 0.514062 0.501563 0.446875 0.921875
00000881.jpg 0 0.476562 0.551562 0.403125 0.803125
00000882.jpg 0 0.588785 0.521875 0.401869 0.793750
00000889.jpg 0 0.353125 0.537500 0.225000 0.768750
00000891.jpg 0 0.343750 0.582812 0.268750 0.559375
