0224021849_jpg.rf.00af976390c1142cc42ccb35eaab905a.jpg 130,317,572,564,0
0218092432_jpg.rf.06853ad3a2118c3bdba2170a86156ae2.jpg 362,276,569,623,0
plastic132_jpg.rf.0517ba8e7418cdb186f147347e1191c4.jpg 0,31,445,640,0
-234_jpg.rf.0b3d6627f6cf532e5c4fc0afeb87eb5d.jpg 155,24,264,614,0 367,17,478,604,0
plastic200_jpg.rf.09e347dc646ba8cd5179c8ba9f223c70.jpg 238,136,487,640,0
0225093658_jpg.rf.090010be8c34d364dc718a028f8a82f0.jpg 77,341,570,640,0
plastic34_jpg.rf.06850b0d94518852589e155ca5207895.jpg 273,0,468,447,0
-56_jpg.rf.049ebc3e0475b31c2ab24eba89ebfe00.jpg 226,59,423,618,0
2020-02-04-05_03_31-281206_jpg.rf.02351e4d8ceb724ccfd23b0e5aae7373.jpg 294,3,433,640,0
plastic296_jpg.rf.07f3ccd480cb9e0940152ece8364c16c.jpg 19,179,640,561,0
index_jpg.rf.03da7b98e48cde051d6b1d2677176e73.jpg 277,134,364,577,0 354,180,429,574,0 414,206,492,554,0 484,228,561,558,0 95,68,211,591,0 202,113,301,567,0
-4_jpg.rf.09587e7dd4bcdf2032d80c7c960de391.jpg 243,83,392,569,0
0224022030_jpg.rf.03fb0ccae0f22fb533c7483001110ed8.jpg 98,388,585,624,0
-304_jpg.rf.00e196ba66fc30bfc953344be9029d27.jpg 241,92,467,625,0
2020-02-04-05_05_21-356659_jpg.rf.0822eda9a16a2d9257484cefff1e5ab5.jpg 199,3,487,640,0
0225095847_jpg.rf.09e0968659977f7e33ab6c440b75028b.jpg 85,349,572,640,0
plastic234_jpg.rf.01340b9f987c75cff5f8efce78de4312.jpg 79,149,582,521,0
0224022338_jpg.rf.06c0d29014622825881fcdc862c6ef31.jpg 123,327,584,587,0
Datacluster-Bottles-and-Cups-59-_jpg.rf.0596e36b19dd1f117ca4ba1a657987e7.jpg 153,0,526,563,0
-145_jpg.rf.069655b079a93c5fbb04d5fe81da63b3.jpg 405,6,601,618,0 281,3,443,618,0 160,3,303,615,0 2,3,157,604,0
0225095917_jpg.rf.095ba6efd24f87320436760c7d4e0ffe.jpg 111,343,575,629,0
-277_jpg.rf.06876bfab10ef5f1b39738db3873a962.jpg 81,128,202,531,0 205,128,316,527,0 322,132,427,522,0 439,126,556,525,0
plastic127_jpg.rf.0b60ec7fd9e7c6878b991df4f7ff7f01.jpg 295,129,593,489,0
-216_jpg.rf.0268c666fa69b49954a89d9d22ebc22e.jpg 269,28,431,631,0
-200_jpg.rf.07a3c076912d2757f5503f7602cfcde8.jpg 211,54,401,596,0
Datacluster-Bottles-and-Cups-52-_jpg.rf.0c223f4edc2a1cf7b25e672d7ea6d33e.jpg 275,73,552,556,0 116,208,312,589,0
-302_jpg.rf.0ee61317e777c55ca42074ed7571493b.jpg 76,27,219,537,0 235,30,352,529,0 337,42,455,537,0 456,30,560,527,0
-219_jpg.rf.0e49adce734566a7a6be5b64ec21e60f.jpg 23,27,262,535,0
-176_jpg.rf.0f9032e701cb57c022946b8b951075a4.jpg 215,75,402,533,0
0224022155_jpg.rf.0c81a435c03905f02cc268c83bd2675c.jpg 91,365,571,640,0
0218102513_jpg.rf.0fca79da29139a9dfd30465e1f1f1151.jpg 281,315,569,548,0
imagesc_jpg.rf.1277a006c07db7dcd9a92e56a971c229.jpg 263,91,386,581,0
0224021859_jpg.rf.0f9732850c0c9e4f42fdf68a0601a868.jpg 106,293,588,587,0
0224022837_jpg.rf.126a244151d909f06e2c97afb7c12895.jpg 99,397,624,640,0
-410_jpg.rf.113101a67f0e111fdbf1a6784332cb0b.jpg 124,83,309,605,0 362,136,526,597,0
0225092937_jpg.rf.1426d614886f4cef95b22bc697d4f309.jpg 51,334,560,606,0
0224030617_jpg.rf.13fd040483b60e5a78bfda5eefa11106.jpg 297,351,580,579,0
0224125026_jpg.rf.13b90e55760bbe7b167a01fb8f1e3f0f.jpg 48,351,576,626,0
0224124925_jpg.rf.1366091c44393a997c7e7f722e7719df.jpg 69,293,582,599,0
18_jpg.rf.1707fe136f6e8b4f1f74bca79af515c2.jpg 214,33,428,640,0
0218102212_jpg.rf.14a0b39e05ccaa84e4dae5d14a6f2aea.jpg 284,426,563,640,0
plastic208_jpg.rf.175cb988ba37de198abe29fce9b9df43.jpg 103,164,640,579,0
0224124354_jpg.rf.15a3757cbb45b6dbdea069fba56c8013.jpg 57,269,640,589,0
0225095619_jpg.rf.18022aed4b994195574b79fc51998734.jpg 82,375,592,640,0
0224021934_jpg.rf.17133f2e20caa6aa46458a4f8b2d05cd.jpg 123,303,621,595,0
plastic363_jpg.rf.14aeb77138ec516439c0201d67dc1162.jpg 141,184,399,486,0
0224125418_jpg.rf.1778062ef14402bb168989e19954e2c3.jpg 87,297,570,585,0
plastic29_jpg.rf.18a3aac0ee7030444d54e1495accea17.jpg 224,24,640,640,0
-147_jpg.rf.193c5f18eb849c728b25171dc0cd22b2.jpg 196,4,462,640,0
Datacluster-Bottles-and-Cups-32-_jpg.rf.198b424dc5510caa355ae19cf23d1d9c.jpg 168,203,315,440,0 287,210,438,483,0 61,234,239,509,0 458,254,617,504,0
-229_jpg.rf.1b57c32a47c927fc3b2093b9c3eb333c.jpg 207,71,296,614,0 318,17,418,590,0
plastic191_jpg.rf.1cd9b82db4d9f9bdd61332f49170c37e.jpg 231,191,638,613,0
0224124722_jpg.rf.11bdeb3a274974455921a90b09fb2a3e.jpg 81,306,573,562,0
plastic295_jpg.rf.12f005af77d127314904457bbbe53a2a.jpg 174,135,490,640,0
image2020-02-18-00_51_27-286398_jpg.rf.1ddf28b807de78c162609b7c8d37c95b.jpg 29,131,416,382,0
0225094515_jpg.rf.1ed93bdb26419e801f76ae9d9e4e26bb.jpg 64,361,586,635,0
-289_jpg.rf.1eed9c3627f7fa4dadc2c1d3e137370b.jpg 230,25,383,640,0
plastic174_jpg.rf.1ffedcf1a6ab4eb9b408755d23a7d5e9.jpg 117,98,499,450,0
-265_jpg.rf.1a7b1068b54b28ded6b47983d64a83e4.jpg 72,109,311,571,0 362,110,586,577,0
plastic260_jpg.rf.205ef288b247f32c22880d97df4403d2.jpg 241,35,640,524,0
0224124615_jpg.rf.204f5e3b0b58e44cc5014daaf146ae43.jpg 54,327,565,532,0
-15_jpg.rf.209e976e145591fd4aca8ce654ddb2bd.jpg 251,83,428,603,0
0225094410_jpg.rf.1eeb5f6758e7cbaba5a7f11bc5cd0db2.jpg 57,398,576,636,0
-162_jpg.rf.21aac2f0b43b483e66f7dff7db630b7e.jpg 53,354,492,625,0 335,38,490,492,0
0224030532_jpg.rf.207dc9174a79772023655f82b6ff62f2.jpg 247,326,578,614,0
Datacluster-Bottles-and-Cups-31-_jpg.rf.2290bdf0aaf0664f5f42aaaa94d80657.jpg 176,32,481,532,0
plastic304_jpg.rf.254c261d138c61f69560a2b937942db4.jpg 0,56,202,640,0
-321_jpg.rf.226fa4d938e7cb2ff2d37a59850ae59d.jpg 72,175,145,530,0 168,161,228,476,0 248,161,307,446,0 332,154,390,456,0 433,154,493,476,0 518,161,586,523,0
-305_jpg.rf.24222c28dd2b6a6dfd7c8464f53d7df9.jpg 119,123,275,599,0 271,153,420,604,0
2020-02-04-05_33_44-205355_jpg.rf.22e0a2e93c66ff077d34a0702b352c55.jpg 205,231,426,631,0
-306_jpg.rf.25e8275cc130875a6aa16ec2cf3b5e83.jpg 134,244,270,628,0 254,249,395,633,0 83,111,202,520,0 302,84,426,367,0
0225100018_jpg.rf.273539aa873c969020df5332baf55305.jpg 113,319,573,638,0
-376_jpg.rf.28cd1c61a5fb27aa0f96f1b84672c9fd.jpg 154,143,356,594,0
0218103916_jpg.rf.28c774fe9de7c866529ea6a23b9ead5c.jpg 243,323,587,636,0
-49_jpg.rf.25ff50332d20ccd8a25ffff4ec5643ce.jpg 277,147,386,512,0
0218101214_jpg.rf.27ee610a7538f945f791e8f2ab567696.jpg 274,281,601,572,0
0224124627_jpg.rf.2b431d868ef2905ff47b0c9c2870845d.jpg 40,339,558,573,0
0225095737_jpg.rf.2b599ec8b59a11462faba6098d8dbb71.jpg 93,343,578,596,0
-45_jpg.rf.2a4973b8f7a75a6d416d0924dbcc8545.jpg 153,185,239,403,0 269,191,369,405,0 392,188,495,406,0
2020-02-04-05_54_38-715611_jpg.rf.2b3b75639c0a364ffae6739c93de9353.jpg 164,20,363,637,0
0224030440_jpg.rf.2c2a3257631ca38fcd1d74b891a4c65d.jpg 396,196,621,640,0
0224125155_jpg.rf.2d117b8942bd3312c176628dedf22fa8.jpg 71,354,599,640,0
-245_jpg.rf.2e1c82f1226bca15117cd84fccaf04b1.jpg 356,102,518,610,0
image2020-02-18-00_28_01-702891_jpg.rf.3084d9af234b4404ef69f786c788bbef.jpg 31,176,155,527,0
plastic358_jpg.rf.3002fa71faa41ff223b7976b724fefd1.jpg 28,214,597,558,0
plastic11_jpg.rf.2f01130507087847ca28e79a6b43485e.jpg 189,223,434,406,0
0224030307_jpg.rf.302aec7e26538865638cd64f507846ed.jpg 183,353,591,640,0
0224124548_jpg.rf.2f9dcbeeefc2a5b7bca3f6c5994af3e5.jpg 38,309,578,616,0
0224022523_jpg.rf.31039892640a660d3388e539b89373eb.jpg 100,354,583,640,0
plastic350_jpg.rf.30c09d094a34ef03aaca454656edcbd3.jpg 240,74,516,640,0
0225095415_jpg.rf.2f80f2a870c275913bf57a0af8583109.jpg 59,322,597,584,0
botella-verde-plastico-pet_jpg.rf.311a635fad64385dac7cdb9cd20afa57.jpg 191,0,391,449,0
-258_jpg.rf.321afd8024403ec9e058dc3a5d9c7725.jpg 19,16,149,640,0 150,62,248,640,0 253,280,341,640,0 342,270,423,640,0 422,373,494,640,0 491,370,563,640,0 568,264,640,640,0
-242_jpg.rf.303bc3a913cc6e100a39be7ad5e1fecb.jpg 222,121,418,558,0
0225102721_jpg.rf.324fc528fd8c5b56f536dce707d44b94.jpg 88,377,573,640,0
plastic265_jpg.rf.3121c24b09bc253067ead749ff1a0630.jpg 168,0,454,445,0
-273_jpg.rf.3140b3a0c789d8bbeefe843ae4eeb9ec.jpg 147,68,450,637,0
0218091449_jpg.rf.32d63aa41494394a1e9b1b400fc1d0f1.jpg 420,166,567,640,0
71_19-05-2021-10-05-15-oval-180-azul_png_jpg.rf.3521a6288337e1040089933538bea002.jpg 136,28,504,595,0
0224022440_jpg.rf.35cd09ebc9be07990e9c933186c597dc.jpg 94,309,581,640,0
0218100952_jpg.rf.3244d36c52c18962e4649af0fe9b445e.jpg 225,347,593,599,0
Datacluster-Bottles-and-Cups-49-_jpg.rf.354cefc2a40473447288af5f81b0b8fe.jpg 162,253,470,350,0 110,116,640,252,0
-405_jpg.rf.367130433fbde9f71038112cbb22ee69.jpg 326,79,571,640,0
0225094459_jpg.rf.37a37b6f95ab0a0cbb2366df26ae4ec6.jpg 71,388,583,640,0
0225093225_jpg.rf.368a7107dfad48dc84282c3023817229.jpg 69,351,586,632,0
plastic26_jpg.rf.2d47949c8079105b35458e4643e7d0ee.jpg 188,133,485,428,0
0225094007_jpg.rf.360f7f6b833c1531068b6eaebe65257f.jpg 83,281,570,562,0
-28_jpg.rf.38db66926cb187ad5cb48ad6b97a0e3b.jpg 222,81,395,556,0
images_jpg.rf.36e888b444d9f54ea383f50b532b6b2a.jpg 171,78,436,544,0
0224022018_jpg.rf.3a1172509977e530137dffb1ad3b506e.jpg 101,313,581,590,0
-173_jpg.rf.3934062d719124c386d0804acb16fe59.jpg 145,83,298,567,0 337,77,492,563,0
Datacluster-Bottles-and-Cups-65-_jpg.rf.39a7e941ed5276f12692e61f20c91275.jpg 176,66,414,469,0
0224125257_jpg.rf.3add09a3294149d539bd8d607be1faa1.jpg 86,269,568,556,0
-60_jpg.rf.3ba7b297445fe6d543ff6cd92cd784b8.jpg 96,254,397,617,0 115,24,351,456,0 247,200,479,400,0 345,382,569,557,0 316,128,576,347,0
plastic38_jpg.rf.3a398947c69da8709afacb0fcaa9b84b.jpg 143,98,640,640,0
0218102320_jpg.rf.3c9a696d8c09a920320b3360f607b65e.jpg 266,512,562,640,0
2020-02-04-05_01_13-344895_jpg.rf.3d85701d5da6fc94e260fa09893ef321.jpg 251,87,458,622,0
plastic23_jpg.rf.3ff7465b9f67322e326672027fed5514.jpg 219,163,448,445,0
plastic334_jpg.rf.3ee9d2c6bfe642265d215274537896b6.jpg 28,77,595,405,0
-165_jpg.rf.3ed76af0c625c35c401366d173638bf7.jpg 100,152,228,480,0 262,158,379,478,0 405,155,533,473,0
-7_jpg.rf.3c9b2b7871cfa9de261115f1776d87a4.jpg 58,284,130,566,0 149,176,245,567,0 265,139,369,564,0 480,192,640,305,0
-182_jpg.rf.3bf6211708fd8915725288c338eb0a69.jpg 23,230,100,486,0 119,166,196,488,0 219,145,302,486,0 322,190,403,484,0 422,160,512,482,0 525,164,627,479,0
2020-02-04-04_58_21-667454_jpg.rf.40610c5fe94112052edd61e883ee7792.jpg 241,83,470,640,0
0225095351_jpg.rf.4273fe5aa6cb8e1faea6f71edb1ceaaa.jpg 45,382,578,578,0
0218101232_jpg.rf.425dfc9f3781bf7c121e09675b0477ca.jpg 252,261,588,492,0
0225092807_jpg.rf.40d628e3194b9b8e5c13ed94b56e4513.jpg 87,378,569,640,0
-54_jpg.rf.450b1e63a7fc86d11432c63d9375397e.jpg 343,88,433,618,0 443,235,526,615,0 525,305,612,624,0 169,245,243,606,0 51,59,168,612,0
plastic37_jpg.rf.42f08425b558e6eae20b8173980ee69c.jpg 4,58,640,585,0
-10_jpg.rf.3f9b40ce699af8777455545554157012.jpg 173,118,275,535,0 275,118,371,535,0 373,116,460,538,0
-3_jpg.rf.4515b0a180ce16a631e45afee77a09fb.jpg 294,230,385,568,0 412,68,557,572,0
plastic278_jpg.rf.46244e7e84be3523b48cdb02cc2e6520.jpg 219,165,488,640,0
-285_jpg.rf.453b54c1f51757c1c0d0caf08704b5c9.jpg 177,132,441,640,0
-341_jpg.rf.481d76dff81e2dc811fc95df2ced9989.jpg 205,68,429,580,0
foto_principal_37_1_jpg.rf.467d9f85570fef70da73b28fa4a15772.jpg 195,103,451,619,0
0225094111_jpg.rf.485d5c55ccbd9b90781900c808c42604.jpg 86,314,599,582,0
0224125057_jpg.rf.45dded7ed9a6b55d5fc2da33cded8117.jpg 33,304,574,590,0
plastic346_jpg.rf.4892edee523603f891919ba5b84214b0.jpg 35,187,581,506,0
-140_jpg.rf.479e51f59d7b64217ddb4632476f124a.jpg 196,113,320,454,0 316,115,452,455,0 441,114,584,458,0
plastic266_jpg.rf.461d0300d0aa72c986c8f8900b9c563e.jpg 92,113,463,423,0
-24_jpg.rf.49ec37791ce5568fc716d55d225b1e4c.jpg 236,38,413,603,0
-423_jpg.rf.42973385abae6ba9b9ece068910f496c.jpg 190,33,459,570,0
plastic36_jpg.rf.4be8854f1450cc3f5c6a15b4795f2d29.jpg 22,71,590,581,0
0218100844_jpg.rf.4934184c06f8fe1e471bd1ba910af38c.jpg 237,349,555,511,0
-22_jpg.rf.497f0239d42850742bf9663e883433fa.jpg 171,30,439,577,0
-177_jpg.rf.4c3b791305fe5eeb5776c0a9582c3291.jpg 187,54,296,553,0 337,52,460,558,0
plastic287_jpg.rf.4aced4d21cbe877f9b4f22cec327dec1.jpg 84,161,566,423,0
Datacluster-Bottles-and-Cups-53-_jpg.rf.4af0d073e27f7e9bd9920635e6c545db.jpg 206,10,434,613,0
plastic41_jpg.rf.4ec2f2716a602b2c827193f9575b0e10.jpg 144,97,494,519,0
-156_jpg.rf.4e4b5fe6830c283d5aab0ecbcde59c95.jpg 268,387,488,638,0 200,3,336,608,0
0224125044_jpg.rf.4f05792c6dcc84d3c8d8be3d0ffb8aa4.jpg 33,326,574,577,0
0224125622_jpg.rf.502a5a55d19f53c8348ac6b6aac6640d.jpg 111,310,571,569,0
2020-02-04-05_04_53-294654_jpg.rf.4b36b2ecc6444d604ac0e610a6ee0b6e.jpg 282,0,430,640,0
-364_jpg.rf.4e0085f4564b1303be223f556c38b1c9.jpg 32,129,220,607,0 339,25,610,609,0
0224125219_jpg.rf.4efd2ef247e2213e01206b0977d5e475.jpg 66,304,561,573,0
plastic397_jpg.rf.50bb88e0db72306d9faf09878caccd5d.jpg 103,170,511,500,0
plastic342_jpg.rf.51214cb6f21ee159004cddbd6b99624a.jpg 211,96,592,640,0
Datacluster-Bottles-and-Cups-64-_jpg.rf.5276994c23ab601702b79a25231ca199.jpg 262,44,640,531,0 0,122,314,612,0
0224022105_jpg.rf.4fb6895d0e8a390a1c3c07a09aa35ec6.jpg 97,346,576,556,0
plastic313_jpg.rf.5310d6cfb83ad0a75f40acf0430578fd.jpg 128,105,543,475,0
-89_jpg.rf.53b19f1b97033356d1b1f30814db2a99.jpg 25,189,140,524,0 141,207,237,522,0 247,307,317,520,0 337,307,401,522,0 409,356,477,524,0 482,352,546,522,0 557,302,625,522,0
plastic299_jpg.rf.4e20efab429e32c69aedc61e9ec1be28.jpg 109,107,495,640,0
Datacluster-Bottles-and-Cups-27-_jpg.rf.549579329d4bb2acbef443077b9aad6b.jpg 239,338,637,480,0 209,442,502,609,0 180,33,640,241,0
0224124422_jpg.rf.52d08987e31d70f0aa6b957d9b027eca.jpg 73,317,565,587,0
1001-BPC40-2404_jpg.rf.568f63f4211be7a095ee21c71b6f0010.jpg 208,28,441,612,0
0218102340_jpg.rf.545493097526238ca5e8ac18ede251b1.jpg 298,331,553,626,0
0224030703_jpg.rf.56adb079cf49a067baf904b70a42af44.jpg 272,333,591,613,0
foto_principal_34_1_jpg.rf.56b9c70d6489cfba71c32fcc5c39268b.jpg 169,166,482,610,0
0224021838_jpg.rf.576eefaa4e9f1d56170dc1baa02a2949.jpg 115,323,589,610,0
-39_jpg.rf.4f53063b6e946b370c167b72cb672af3.jpg 198,70,443,582,0
-170_jpg.rf.53b99354453b73a547fe119f2803fc6b.jpg 262,18,364,589,0
-18_jpg.rf.575f616bfcd25c24237fff05e3c74bca.jpg 248,2,444,640,0
0224022120_jpg.rf.562ae94cede02183fff65432cad88aee.jpg 80,225,608,544,0
ENVASES_AGUA_2500-miilitros_png_jpg.rf.5927c738e72ed2c750ea3878afe66698.jpg 204,33,443,609,0
botella-pet-2LR_jpg.rf.590c93e937dfe737fd3452ff890cef3d.jpg 170,20,519,604,0
plastic129_jpg.rf.5992704a4027aecc565909f7694357e7.jpg 64,293,467,577,0
0218101013_jpg.rf.58fa3c9a510bfcba6de6099bebcdbe9a.jpg 423,150,567,640,0
plastic325_jpg.rf.58b6e9fe18ec16bf5e0ba73bdfcc0e40.jpg 155,89,438,632,0
-381_jpg.rf.59743f7b17a9f46468a0bf56ede651eb.jpg 230,75,390,567,0
-136_jpg.rf.5a74aae35f8fe510f014abb653f0d732.jpg 43,14,290,630,0 292,45,567,627,0
0224021828_jpg.rf.5b4ec1399a804fa5a7074a2c8f9ac146.jpg 123,304,622,578,0
-11_jpg.rf.5b4f0381239bfb35d8a7f697aff3f0ef.jpg 89,106,234,539,0 254,110,384,535,0 399,109,539,537,0
-383_jpg.rf.586ec057216bb45d6700476e1737f798.jpg 190,49,442,595,0
0218103717_jpg.rf.5cfe5d0362fbcb6a196d6e1be7039c24.jpg 263,500,559,633,0
-186_jpg.rf.5c964f5c54a699d0e68f7ed1cda7c1c0.jpg 115,81,303,618,0 343,87,535,622,0
-118_jpg.rf.5e4a5aa07182d492e5a966d0e6be35fb.jpg 243,22,411,610,0
0218102406_jpg.rf.5ef4da64c52719abc3e565e9bc3f9f83.jpg 252,348,620,623,0
plastic157_jpg.rf.5e8a1cc7043a9e108af433699f7ec4e8.jpg 187,120,635,640,0
plastic173_jpg.rf.5e93a3290bc403c84a572e03422a3501.jpg 124,88,498,560,0
image2020-02-18-00_00_39-598993_jpg.rf.5f385742b214fba87ecbf21f05941a09.jpg 40,210,143,545,0
0225102735_jpg.rf.5df5f172c10de8c4bb66d3333477e1c7.jpg 92,305,586,619,0
-368_jpg.rf.5fc4461beaf725cb8623063b6e0d2504.jpg 38,15,206,601,0 237,17,403,606,0 437,17,601,605,0
-253_jpg.rf.6125c7e3a6f4c358e681fc0fcaed77e2.jpg 249,81,424,599,0
-38_jpg.rf.627a47b8b1f5169ca77f68f6ca940b23.jpg 205,73,435,580,0
0225092907_jpg.rf.6574d2309bd1feca158e4ca916a896be.jpg 47,367,582,630,0
0224022326_jpg.rf.5d1d57e26af68d7ae15a68749df11cf7.jpg 133,291,639,616,0
plastic393_jpg.rf.65347682bf6c586b00bd07446ae476fc.jpg 37,237,556,506,0
plastic256_jpg.rf.5a9e9df0d7d2c635114fe1a15d75fd4f.jpg 211,159,481,498,0
-78_jpg.rf.5a40564a25ff26a51ef1601e0d9748a1.jpg 40,269,174,548,0 179,269,302,552,0 332,271,445,552,0 458,264,588,548,0
plastic32_jpg.rf.63e186d92dc1871591590075c218fef0.jpg 128,0,549,613,0
0224022046_jpg.rf.612624ac441b1f545c1542ebde481313.jpg 92,371,573,580,0
0225094317_jpg.rf.664ae7952d4b9b7257903bd190c41c7a.jpg 63,371,571,640,0
plastic22_jpg.rf.6406ead4b055dac2da4d34a5e55a4dc8.jpg 191,65,541,497,0
7654_jpg.rf.5b63ae636d2046ef5abb7ff3ad0621dd.jpg 160,36,500,552,0
0218100834_jpg.rf.655c0ebd7163e5b1d102547111ed2095.jpg 242,342,554,505,0
0218091938_jpg.rf.609dab4a1657778511e7a1fda01e8ee6.jpg 244,335,552,491,0
plastic130_jpg.rf.6658bd1b7b6b2349cead36c8349616e7.jpg 115,144,495,563,0
Datacluster-Bottles-and-Cups-34-_jpg.rf.692f0cbf36e12bc6148f4292b4b279b3.jpg 177,14,462,490,0
0224124506_jpg.rf.666261080cb489115179db9817f6c424.jpg 50,320,577,585,0
0224124536_jpg.rf.696458b961e0915ff2af1d09660ad72e.jpg 47,356,578,530,0
plastic277_jpg.rf.6a013a74973ab46a0564ac7bc0dbfe1c.jpg 207,0,526,480,0
Datacluster-Bottles-and-Cups-36-_jpg.rf.67d69285f1f37de412ed0aeb3dcaa444.jpg 176,6,408,534,0
2020-02-04-05_01_48-169318_jpg.rf.6bc59040fcc286e7c0234f652f081c6d.jpg 223,7,420,640,0
0224125326_jpg.rf.6b04c9ea47e35e65a7bc3f6d2aa790ba.jpg 74,276,565,482,0
0225093348_jpg.rf.67145e97d60bd96a1db35f64c2ad6759.jpg 78,345,589,598,0
plastic384_jpg.rf.6a0b5760fee728c2631492fd3789fce5.jpg 143,0,551,605,0
0224125529_jpg.rf.6d4443f79157fc9b83c15284c9d5c4e1.jpg 102,278,578,596,0
-370_jpg.rf.6c1b042aed777c685daecec84c29f189.jpg 190,45,446,595,0
-109_jpg.rf.6e9fd811369f51975ebb1b2aed5d9c3d.jpg 249,115,396,558,0
0224030345_jpg.rf.6e738917def3c967aad05f07add9da08.jpg 204,343,583,539,0
-264_jpg.rf.70f84d5f175a842147b809e341cab54c.jpg 175,88,424,511,0
-57_jpg.rf.6fa81858e7546a2a98a510bc51986e96.jpg 194,15,405,610,0
plastic142_jpg.rf.6d453305e22199d446c260f4c1430451.jpg 114,0,445,605,0
0218101409_jpg.rf.738b3ffda56975d803931b760c3f8de4.jpg 444,222,560,609,0
image2020-02-18-00_51_45-774159_jpg.rf.70c3edd76dd7fcf37737c26976de7ac2.jpg 50,113,380,422,0
0218102425_jpg.rf.7301b07aa5106b5e573d8b54b6ac78db.jpg 278,356,559,532,0
plastic262_jpg.rf.6e02570a77b070e160603c1794445585.jpg 187,156,598,640,0
-400_jpg.rf.6de4ad74fc642bc8a79f895ea80dc337.jpg 2,136,499,622,0
2020-02-04-05_21_01-384874_jpg.rf.7326d862fe6c29be406ba74082df1b4a.jpg 206,49,392,495,0
0225093109_jpg.rf.702653ca5fce221be6adaecc4186202b.jpg 44,339,576,567,0
0224022248_jpg.rf.7525cbe6116e2523d2c82d03395df401.jpg 134,295,574,543,0
-138_jpg.rf.7350d928069aaf16ae51845f58a7dadf.jpg 126,369,493,625,0 337,41,493,482,0
-240_jpg.rf.76977a52fb05b0714252a60f2bd4be01.jpg 189,127,268,519,0 153,116,219,480,0 268,141,347,511,0 354,121,529,589,0
2020-02-04-05_08_19-500822_jpg.rf.73e46115480c106d9f16bbd475f90cfd.jpg 230,0,435,572,0
-179_jpg.rf.75c8e5361619a870a46e1786744f9b10.jpg 177,126,313,522,0 324,126,457,522,0
0224030220_jpg.rf.76c11821650c8bffc73d431321bd3e3f.jpg 211,411,573,573,0
0225092545_jpg.rf.772d5b947a120e532a629765a1045ca4.jpg 76,304,562,567,0
0224124438_jpg.rf.7724f087c004f182028ab96050345815.jpg 49,326,612,608,0
-148_jpg.rf.78395eb1a07f8dd0ac14dcc697d029c0.jpg 66,241,158,507,0 156,256,230,505,0 243,335,302,507,0 307,335,362,508,0 369,375,420,508,0 427,373,482,505,0 482,333,546,510,0
-51_jpg.rf.77c83b4e07942eaa1ac35792583c4527.jpg 250,120,384,529,0
0218100854_jpg.rf.7687a231968c491160ec47df872b05cd.jpg 445,158,548,640,0
0224030419_jpg.rf.7899b2d835192d3db5c0cc342856acd8.jpg 210,407,579,613,0
-333_jpg.rf.7c19231b4fd36d2d1a008a279838b193.jpg 203,72,437,602,0
0224022922_jpg.rf.7bf3619c03905d412c48bb1a75fc7687.jpg 141,342,577,603,0
0224022235_jpg.rf.7922e8f2dd78750d757090f63a697c13.jpg 136,311,579,547,0
-187_jpg.rf.7f58cabf291fcb8a3918cf9ea029bb16.jpg 271,111,380,569,0
0224124704_jpg.rf.7d4c97c1b41bd0a7f0cde73bbf4a2279.jpg 68,308,579,573,0
0224022751_jpg.rf.7e5b93e9bf1fd65248b2f946ec9102ad.jpg 97,352,583,640,0
0225095640_jpg.rf.7c2811aa118ded1775abcea2474272cb.jpg 110,410,578,640,0
Datacluster-Bottles-and-Cups-17-_jpg.rf.7fabe1fb24c6e8c855af2943b1d2b722.jpg 186,13,459,562,0
0224125803_jpg.rf.7e702aded9ceb3ff6ce1a96f5f0b7881.jpg 85,281,573,580,0
-142_jpg.rf.852f4293967c1479ddce18d435308715.jpg 155,83,407,616,0
0224124734_jpg.rf.8663e8debd060b16f3052dc744f5e8f5.jpg 83,322,568,552,0
0218105402_jpg.rf.81851d9d97d0b03655d306fbc68175c3.jpg 64,278,587,543,0
0224022505_jpg.rf.89197a08b3b3b712329874b86c2c7308.jpg 120,345,564,639,0
plastic236_jpg.rf.89173c67779092063f119026aa1bdbeb.jpg 138,83,537,479,0
0224124409_jpg.rf.8c28e411088a52f62bf57b7ce16f27e1.jpg 80,296,560,561,0
plastic114_jpg.rf.834d1389a333e33558ffd3c0711c94d1.jpg 0,8,361,640,0
-35_jpg.rf.8a702b5f8fbd5b1ed6f7610715df8f77.jpg 98,109,298,547,0
Datacluster-Bottles-and-Cups-57-_jpg.rf.877c4c99be3be93d7d81a57b4537a888.jpg 212,16,481,584,0
plastic376_jpg.rf.89e85b9be6f8ac59f4cbc626ed560135.jpg 51,100,606,640,0
plastic44_jpg.rf.855c32f2fc06cda3d6c5fe04f860613f.jpg 186,26,540,597,0
0225094036_jpg.rf.863746fdd957c0151210cbab264e34c5.jpg 76,377,579,585,0
0218101258_jpg.rf.8972c5a8947d8e91ba00042334f6f2ba.jpg 361,318,613,576,0
image2020-02-18-00_52_43-228608_jpg.rf.84a2291202be0ada38f06270293f449c.jpg 30,125,363,476,0
-171_jpg.rf.8a0fc0a95a65ccbd4b7c65f5704ecc17.jpg 183,133,274,540,0 275,153,360,525,0 358,123,441,502,0
KHS-Botellas-PET-con-capa-de-vidrio-cercano-al-100-por-ciento-de-reciclabilidad-GR_jpg.rf.87a8fa9d68d57309b47a532c27d3c990.jpg 213,27,429,592,0
0224124748_jpg.rf.8324d9a1f8ce7525920b7444de72315a.jpg 89,293,563,558,0
plastic411_jpg.rf.8149435afc6b4baa43083848c2307170.jpg 240,178,640,605,0
plastic24_jpg.rf.84a979f7a98bd14080fae4349eee2839.jpg 244,5,640,362,0
0224021817_jpg.rf.804c50a33f55a76fcb4e8c6533b49225.jpg 111,307,620,593,0
0224030607_jpg.rf.89bc1409446ee3f358548d4c82217d49.jpg 275,345,598,546,0
Datacluster-Bottles-and-Cups-42-_jpg.rf.8b5d7e684c2f55042096c8a89194e3e2.jpg 161,6,571,640,0
0225092422_jpg.rf.7ffd92cfd1d349f6b7177b96971a6b6c.jpg 78,347,599,607,0
0224022804_jpg.rf.866600fe78b6f3e15643f8b47b486e69.jpg 72,411,587,610,0
0224124937_jpg.rf.8a79da0e01aeb2115dd3104ab33693e3.jpg 42,311,576,579,0
plastic293_jpg.rf.8db3dda64642e8cb1ee1403debb532fa.jpg 179,0,575,593,0
plastic40_jpg.rf.8e2999610f91456e6bf8e784463d47ab.jpg 0,0,588,545,0
-77_jpg.rf.8d4b9362a52a40b47082c50fde23928c.jpg 121,28,264,629,0 271,26,379,607,0 390,29,507,604,0
plastic202_jpg.rf.8ed2c4eac3847ade877fd9b305bea54a.jpg 50,152,595,497,0
0218102033_jpg.rf.8e124b61ea77b290d84b847ccb7fe17f.jpg 263,448,554,640,0
image2020-02-18-00_53_16-220187_jpg.rf.910ce2860f99864ae1304e3041213d9a.jpg 33,217,415,417,0
Datacluster-Bottles-and-Cups-15-_jpg.rf.8f0df246b0170d556890e6068e345d38.jpg 173,4,404,413,0
image2020-02-18-00_27_33-666634_jpg.rf.92dcabb677b0198c305ea3437cf2dfdb.jpg 44,187,144,514,0
2020-02-04-05_31_24-903149_jpg.rf.913582bc785244ee408d316c5bd0bf4f.jpg 172,115,431,640,0
plastic420_jpg.rf.924ebd17da499dbda5d18a181d1fcedc.jpg 360,146,640,640,0
2020-02-04-05_32_40-484898_jpg.rf.912942834d06e67f69b7d28501861e94.jpg 188,7,428,550,0
-420_jpg.rf.9115571feb7c4d4dd7d1959d26be33f8.jpg 249,62,413,578,0
plastic440_jpg.rf.9527e491b0c3379d1d5c32b442fd866b.jpg 160,101,605,640,0
ff_jpg.rf.9358d7149ebe856b97fa2336b0cf67b3.jpg 242,187,404,607,0
-222_jpg.rf.93d4a55f6359ea5a207d4889cace7f36.jpg 140,264,232,575,0 217,58,345,628,0 341,201,426,595,0
0218101026_jpg.rf.96c5e71812137add2485ad315c6a4f4a.jpg 252,340,588,603,0
image2020-02-18-00_27_46-689974_jpg.rf.961fa2c76c12ded22bbff6f523e28c70.jpg 50,148,257,377,0
0224125701_jpg.rf.95f846a1f1a3c3f63256b90e63cd74a5.jpg 68,324,559,561,0
0225092510_jpg.rf.9476f8d5a032ca8752d9de1741ac92fb.jpg 72,381,574,624,0
0218100242_jpg.rf.9789ad37f1f371b25e31e740c912a89d.jpg 303,294,556,502,0
0224125722_jpg.rf.95e688e0e9a05acff391540fc27d1c5d.jpg 120,287,592,619,0
0224124600_jpg.rf.96dd9628bf4575849569577c4c226f96.jpg 16,277,583,640,0
botella-de-plastico-desmoronada-en-blanco-desmentida-aislada-209518474_jpg.rf.98afe28b96e149f5759ca93e52d510dc.jpg 133,131,517,577,0
0224021947_jpg.rf.9bd05a70c305045452ae1100c0160c73.jpg 108,311,599,594,0
0224021910_jpg.rf.9d55064bcc9009747dc3ee6c240835bd.jpg 128,317,575,556,0
plastic292_jpg.rf.9b6423528ff9ca7d1b649f482c1ac4ac.jpg 81,45,610,495,0
-14_jpg.rf.9ca4b74657f4cea878cceec7590bce78.jpg 251,161,364,640,0
0218102243_jpg.rf.9dc0ec1f6add829ba4767530e319e489.jpg 280,344,553,604,0
2020-02-04-05_33_08-943024_jpg.rf.9ccbd31530ee9200dc887f89f0665c1f.jpg 194,55,436,578,0
0225092738_jpg.rf.9ea2791ee1536ff2d66c2158f4c1e2a7.jpg 39,377,572,613,0
0218091749_jpg.rf.9f95dbfde56e2e732d77fb65a22d6bb7.jpg 296,302,559,521,0
plastic381_jpg.rf.9e335c67a9d16bdad17b235668b29662.jpg 70,134,584,482,0
images_jpg.rf.a10572e96fb6cd480a0a6379e555edcd.jpg 108,8,531,630,0
plastic222_jpg.rf.9d15bc09266830f4291db5bdd80509aa.jpg 228,303,591,640,0
0225093052_jpg.rf.a12634abca438374eb84519f5af1a6d6.jpg 81,329,585,615,0
plastic335_jpg.rf.a0b5dd1716d3ebe260271e4d33f56081.jpg 177,93,613,640,0
Datacluster-Bottles-and-Cups-58-_jpg.rf.a185a758be866e0e5f8352f2ce01353c.jpg 288,225,429,521,0
0218092338_jpg.rf.a1629caa81c4514e54f1e5039d655433.jpg 366,335,573,614,0
-76_jpg.rf.a1bfcdece80274b8d739e22a5a7b0988.jpg 43,92,262,548,0 262,207,397,520,0
-269_jpg.rf.a1f0ce77805d62ba231487f379f52630.jpg 220,78,488,584,0
0224125128_jpg.rf.9f8d0ccc0fad5ae415e9997f46c154cb.jpg 102,258,566,582,0
0218105414_jpg.rf.a42c4550515a6c48b1ca563e42769aec.jpg 77,288,560,547,0
0218102629_jpg.rf.a3c962dcced1c1722859b45c25c01a6b.jpg 269,318,562,537,0
-98_jpg.rf.a3912470efc73dbcb3fd121ea0a14029.jpg 121,104,302,588,0 337,108,525,586,0
-276_jpg.rf.a233d133fb3e0e42b9dcae7fbae2fa68.jpg 196,47,431,578,0
0224125645_jpg.rf.a3a591034cae554093045d3233750791.jpg 102,334,567,546,0
-84_jpg.rf.a53ff5de41b7176d427cfa6eecab0103.jpg 194,147,364,479,0 371,149,524,481,0
71_19-05-2021-03-05-35-botella-limpiador-900_png_jpg.rf.a5fc9829f1c8195c4d387ba03d57e4cc.jpg 132,29,588,615,0
-87_jpg.rf.a4d88325993e1cc165bc38649c708b67.jpg 115,136,209,511,0 222,168,339,618,0 379,2,571,522,0
0225102806_jpg.rf.a22c1dd0ce4f1311a78dc9b1b1327ca6.jpg 96,373,572,639,0
0218092103_jpg.rf.a66be6d4bdf22a69c597d6815d5e20bd.jpg 238,333,554,500,0
-53_jpg.rf.a78883b5a7beeba3a5c2ca4cc46910f1.jpg 224,96,399,640,0 375,34,597,640,0
-428_jpg.rf.a893df224d00504db78a69d3e9735c4a.jpg 162,126,341,518,0
0225094216_jpg.rf.a64a617b1e4424eba4a50ec459dabd3f.jpg 67,386,576,640,0
0218101349_jpg.rf.a8c031aa2ce97ac963334807ed8c25ae.jpg 316,317,567,487,0
ER4A0522-683x1024_jpg.rf.a59ab484c3d21c729b058255e1a77029.jpg 188,107,439,614,0
-160_jpg.rf.a6d42dd43d02345b0694606ceb1a7ec9.jpg 75,106,226,541,0 247,108,390,541,0 411,92,571,546,0
ENVASES_AGUA_300ml_png_jpg.rf.a8e59cc19f082a5365f4f32ae809d250.jpg 227,20,422,612,0
0224022824_jpg.rf.a915c92402016bb395aeb5c0d1f9624b.jpg 118,373,582,640,0
0224022313_jpg.rf.a82ba50d4f53cdcaa20528c1c61f0ce1.jpg 116,300,599,594,0
0225094246_jpg.rf.aa54fbdcf817f7172322549de2065a40.jpg 64,353,605,607,0
0225093001_jpg.rf.a96a9f9b868306987c620bf8d689f87a.jpg 48,315,591,582,0
0224022137_jpg.rf.ab0c691e3bdd0e46eadeb9dde8d7ab5c.jpg 88,348,579,594,0
0218102052_jpg.rf.aa6cbac38752287c92d04bc461f5a3a4.jpg 267,327,566,629,0
plastic230_jpg.rf.ac7d7ea10730c489b5dad5472f124213.jpg 44,179,507,484,0
plastic319_jpg.rf.ac3803735c71d5e2f76235ea4c857258.jpg 43,15,570,536,0
plastic171_jpg.rf.ad44768241915d863ed8b8cecf622be8.jpg 84,44,519,604,0
-207_jpg.rf.ac042557a49bcd6978605ae5840049ed.jpg 192,22,454,618,0
plastic378_jpg.rf.af6a62d59cbf1d2aa13a862ca9b9bacd.jpg 297,19,551,638,0
-378_jpg.rf.ad86078cd73b635bdcb655df750816fb.jpg 234,54,450,600,0
-96_jpg.rf.af50140d119eed545d9a7ed814d36699.jpg 226,106,433,578,0
-30_jpg.rf.acc79cbfa4960ed6dfc41c49a56cf6de.jpg 177,98,456,640,0
0218101122_jpg.rf.b1c40948700c072157673eaae90e47f7.jpg 263,358,555,561,0
-387_jpg.rf.b33aa6d3632c3c38463c06de152e6c43.jpg 196,75,480,600,0
-228_jpg.rf.ae1599b33ddac29d5984157aacf94cac.jpg 211,120,379,437,0
0225095943_jpg.rf.aefd6382679ed0594189be1b15c71de0.jpg 89,395,571,640,0
plastic324_jpg.rf.b2d59285dd2943d64f48487c5dcc1b29.jpg 168,55,603,640,0
how_to_crush_a_pet_bottle_to_minimize_its_volume_before_being_recycled_jpg.rf.b3c66e0cf4cc981c2d403eb491148f6a.jpg 105,69,204,566,0 268,80,381,565,0 443,322,547,565,0
0224021921_jpg.rf.b57748c6136055f688750680827b95e4.jpg 131,329,574,574,0
0224030452_jpg.rf.b79876b485be4e55920ad587612d3e7c.jpg 247,350,586,640,0
plastic419_jpg.rf.b7f858655ddfa6039fe941423c3384e1.jpg 217,0,502,557,0
-86_jpg.rf.b8cbae1750f36a87d3e90e99951104f0.jpg 241,55,408,622,0
-278_jpg.rf.b3f838568f264d220a0b75ab79ab3072.jpg 106,47,352,640,0 337,54,546,640,0
2020-02-04-05_07_43-384885_jpg.rf.b81d7e06f554cede3d8b1613b0d19a56.jpg 223,0,423,640,0
0224125559_jpg.rf.ba66714adfb7c1970a9cb75fb74d8ff5.jpg 115,253,570,555,0
-133_jpg.rf.b976fb4cb3e3dd3ae805021671aac63b.jpg 85,115,221,520,0 245,115,396,524,0 414,98,578,533,0
-37_jpg.rf.b8ae43177bdf7019beae4d872e620065.jpg 34,239,187,495,0 177,239,305,501,0 330,243,456,503,0 446,243,602,503,0
plastic298_jpg.rf.b711097c42656dd68445de2f5c6ca161.jpg 30,82,581,412,0
0224030244_jpg.rf.babc8a046d76b498d6327670b6026356.jpg 214,324,574,619,0
0218100755_jpg.rf.ba72186443a5a410876bffed3efc265d.jpg 407,215,593,640,0
0224030208_jpg.rf.bbf6ca30f36d65bb2f6d4f7629f5db97.jpg 221,365,572,563,0
image2020-02-18-00_51_16-813012_jpg.rf.bb2fb3dd23a549e5eba3c6bdab72a6df.jpg 41,156,418,387,0
2020-02-04-05_32_05-783142_jpg.rf.baee2844a6ab643ebd3fd58f5cacf31d.jpg 202,118,379,637,0
-270_jpg.rf.be07a62031de0ba2b603c5c9aefe68f6.jpg 200,34,315,601,0 315,37,426,606,0
-155_jpg.rf.beb73a395c068dd03c1ec1521a00ed04.jpg 190,78,418,557,0
0224022937_jpg.rf.bf3e8c22f8b327238f1ae49d68ae53c1.jpg 126,396,583,640,0
-26_jpg.rf.bdc2dacaaf7749bc16fef7d8fc53eaeb.jpg 247,79,392,552,0
0218101152_jpg.rf.bf5ef8945b017e798e5fdda37c65ad3e.jpg 384,209,595,640,0
index_jpg.rf.bddfa65c0491186d92888977a58afe45.jpg 106,17,543,620,0
-25_jpg.rf.be77fdf5c22fc0bffbf4a03b6e0f459d.jpg 241,70,388,571,0
plastic209_jpg.rf.c0eb8f07b48cd4ef08c3c153ff1c1115.jpg 140,88,530,640,0
-373_jpg.rf.c0b4e2d3c2241361682d1db21e0c1ac3.jpg 254,58,378,583,0
0224022949_jpg.rf.c12303b1876bd779868cb381cfe649ce.jpg 107,371,579,617,0
0224030321_jpg.rf.bc5cbd8203984ab08b27eddb36b59719.jpg 196,333,599,591,0
0224022428_jpg.rf.c08444e8b1a400f05ed297fb729b5a21.jpg 67,320,586,640,0
-425_jpg.rf.c43ddbeedfe2b04bca441bf76309ae24.jpg 36,111,170,614,0 364,102,507,614,0
plastic122_jpg.rf.c10c3facf1067f239ce20d17a2be039c.jpg 239,0,449,535,0
-329_jpg.rf.c5e2dfb4a1069d4f99cd096c132ad6ed.jpg 73,206,527,497,0
0224125903_jpg.rf.c3ea1dfb1f8700c08dd54f5bbc25f116.jpg 140,356,565,577,0
0224030555_jpg.rf.c3e904295d5d17a1c1e40673f4f3d3d7.jpg 298,318,580,616,0
0225095526_jpg.rf.c58fd91a90489c9c778ea8bc9be164ce.jpg 64,327,574,597,0
-346_jpg.rf.c560d165ec98671313765c793fd55224.jpg 149,58,513,548,0
-144_jpg.rf.c5f4a323c51b0f01b9ab0093b003eca0.jpg 239,109,395,612,0
0225095603_jpg.rf.c6db9be6056e7467f5a8228950e832f7.jpg 95,295,574,597,0
0225093040_jpg.rf.c5d9cf4d51316efb6a136429657393c4.jpg 47,348,573,608,0
-332_jpg.rf.c2d245fa9bb9610da6738dd1b6c23aed.jpg 93,81,251,582,0 256,75,407,580,0 407,68,567,571,0
-371_jpg.rf.c6e17791e5c4dd97b85c3237625d3ec4.jpg 40,128,198,585,0 256,51,397,604,0 426,46,573,614,0
0225092528_jpg.rf.c5ff25d990eb33d4aed538e4dde523bd.jpg 82,340,578,594,0
0224021805_jpg.rf.c964034052ae6aa1f04fe02ac944ec54.jpg 120,300,596,604,0
0224124518_jpg.rf.c797b438cdc43a7458ffb737c91ccc64.jpg 76,310,564,581,0
botellas-PET-31012022-copyright-RESIDUOS-PROFESIONAL-900x300_jpg.rf.c91631ab57939e29a58c8f4c2227b382.jpg 294,19,430,453,0 29,121,278,558,0 448,168,583,632,0 291,377,396,640,0 106,453,188,640,0 240,535,327,640,0 474,0,619,154,0 170,0,270,199,0 379,0,477,205,0 83,0,199,286,0
0225093941_jpg.rf.c813100bfda72e2215b23682fddd609a.jpg 82,324,571,607,0
-199_jpg.rf.c9a76aa9122ef3fa5c9b69c2e17920f9.jpg 185,75,486,578,0
botella-1-litro-pet-normal-caja-75-unds_jpg.rf.c9b498b8068590eeec374608985f5ba9.jpg 240,142,401,547,0
0218102543_jpg.rf.ca4453ab455da1c1189fbeef3ecde089.jpg 278,428,570,640,0
0224022905_jpg.rf.cbd227e15a5b1a863e4c441f17bc9962.jpg 148,278,578,547,0
-424_jpg.rf.cd8f9c8a161428af00e1c1051ad0a371.jpg 2,100,140,598,0 98,111,215,595,0 205,125,322,606,0 322,122,425,606,0 429,122,561,609,0 519,122,640,620,0
-32_jpg.rf.c582540961d3b0e24fe08bdebe41a7d4.jpg 64,109,232,525,0 239,111,399,531,0 407,106,575,535,0
0218100330_jpg.rf.cd39e11495ee2b15a2f2ac9e843a414c.jpg 286,279,557,486,0
2020-02-04-05_33_20-180418_jpg.rf.c9ddf514222293769159a7cfcd7959f3.jpg 244,32,435,571,0
-172_jpg.rf.cf0f9575d3c9abef5f29f42e03552419.jpg 30,122,75,275,0 85,64,140,279,0 152,40,211,277,0 228,171,277,280,0 273,66,364,133,0 399,11,478,315,0 537,16,616,315,0 503,410,575,601,0 220,406,290,607,0 125,406,202,607,0 38,406,112,607,0
-303_jpg.rf.cdbc117939ad7de7d85f1495e8b7e31e.jpg 2,9,313,601,0 281,3,616,640,0
-227_jpg.rf.d19173ad5513ac0f57bad77aae381f91.jpg 194,58,413,576,0
plastic105_jpg.rf.cfcef8f484a22d42fa213135b2fdd892.jpg 225,78,536,640,0
Datacluster-Bottles-and-Cups-26-_jpg.rf.d355a6d4d5a50e7c885fdc2504c612ed.jpg 107,0,464,433,0
-106_jpg.rf.cbef9e2d88517ae48e40170b2c4a05bb.jpg 2,80,164,640,0 130,70,271,640,0 268,83,379,640,0 382,93,506,640,0 512,90,640,640,0
-412_jpg.rf.d080cb98e9c3936f6c7998a5593b3945.jpg 215,51,411,590,0
0218091807_jpg.rf.d39092c18adde7a0f8596dfd1a24b741.jpg 346,318,552,640,0
image2020-02-18-00_22_08-803243_jpg.rf.cf2dea0c3e429bb4427d2e9ca430bbec.jpg 35,178,148,530,0
-175_jpg.rf.d40ed08ba5c572104279b7d599ecba30.jpg 15,55,213,552,0 196,55,334,572,0 348,45,499,532,0
-178_jpg.rf.d36d63c056d7d187572f0e22b689e28a.jpg 221,123,443,577,0
plastic269_jpg.rf.d8f8daa7b6e89eb8b6e6741029c8562c.jpg 139,173,543,529,0
0218101359_jpg.rf.dbf7bd37df37732edee70ffb26870ede.jpg 298,310,574,575,0
plastic360_jpg.rf.d95775d207b0e0f9fe0149907f0a1e7e.jpg 135,163,509,427,0
-9_jpg.rf.da5dddc92ef276e4090d7a00d0173abe.jpg 241,75,405,582,0
-197_jpg.rf.d82a899e8a3554856e8d6c9b19d20cbc.jpg 87,39,253,640,0 305,29,478,638,0 501,208,618,630,0
0225092437_jpg.rf.db416579a8fbf7a1746e196e616eb10a.jpg 75,348,576,584,0
-134_jpg.rf.d71004ab57536400315af4cc12dac692.jpg 94,51,296,610,0
0224124957_jpg.rf.dc0c528c24a449ce5558ecc2b6cb89c4.jpg 61,331,561,580,0
0224022547_jpg.rf.d8a98dce2c07c31462de4c4c8fc4e842.jpg 113,357,593,619,0
-427_jpg.rf.db9e24762c8ee910969e3a89c7d98715.jpg 60,179,162,493,0 169,185,275,496,0 268,167,362,487,0 397,171,491,500,0 488,177,584,494,0
-141_jpg.rf.dc096360f16c478c4a7078eeaaf498e5.jpg 158,16,439,621,0
0218101037_jpg.rf.dcc4727faabcf2b6eb60051ce1174c60.jpg 239,292,591,566,0
-198_jpg.rf.ddfaa6a892f8af5f405f7f36cbc93b3c.jpg 226,30,410,623,0
0224125848_jpg.rf.de05ab388564bc33c9ed07ee67fa96c1.jpg 91,285,582,552,0
plastic395_jpg.rf.e189029be50e39a986b5c9806096f02e.jpg 64,73,623,409,0
0224023006_jpg.rf.dd49486aa0c19976a35e3a18ad0792cd.jpg 88,367,579,640,0
0224030730_jpg.rf.e2b0f4a723ee265960993530f6359347.jpg 285,354,578,573,0
0224124454_jpg.rf.e2e6619326212b0453b55d1b8b281dbc.jpg 47,326,610,635,0
0224022405_jpg.rf.e3277f3ac8b8f5902c44c0601a2294a7.jpg 112,265,569,541,0
0224022003_jpg.rf.dd1f2650716963db478bdfbf98f09300.jpg 128,312,573,556,0
0225095813_jpg.rf.e52aac04785821a6fde13b3a3551a264.jpg 78,319,572,640,0
image2020-02-18-00_22_33-329764_jpg.rf.dfdfc81d83353980fc7af46cecf2c079.jpg 44,178,153,526,0
plastic394_jpg.rf.e58b9d99f25d2deb0d52ad7259805289.jpg 181,0,454,493,0
0225092457_jpg.rf.dfaa8df17b3a044048a1697c148738aa.jpg 82,400,593,640,0
-12_jpg.rf.e4a747cd0799e0e777fd1814b9f62f54.jpg 254,53,394,526,0
0225102755_jpg.rf.e36bf6ffe25428749f378307ca3a5d7c.jpg 98,292,579,582,0
0224022535_jpg.rf.e4a1c8bdd74234fc7b4e72fd7d02f3d0.jpg 114,371,578,613,0
-95_jpg.rf.e5a62e0db834f8d12e279918c331bb83.jpg 38,179,230,575,0 237,186,401,578,0 414,181,608,582,0
plastic216_jpg.rf.e7a9d1ad5eac236e389fbc9ed6493591.jpg 25,0,640,640,0
0218101335_jpg.rf.e5ef80ada9e4ef360d829d1882c4fd3e.jpg 277,300,589,543,0
0218101046_jpg.rf.e83f76900928710780ddb643e3870cec.jpg 355,162,570,640,0
0225102825_jpg.rf.e89ef8e6dc8fc08c67ed4c7aac5dc3ed.jpg 103,325,574,636,0
-190_jpg.rf.e857fde5b77dd9fccd056315771a978d.jpg 253,151,364,503,0
0225092622_jpg.rf.e7e2a474172f0b07c51eaac646306067.jpg 67,386,575,607,0
0224030522_jpg.rf.eab9eb28c30f0521cbd6c462334fdd56.jpg 298,340,604,640,0
-59_jpg.rf.e506cfcc54205aea259da6f9dcac3846.jpg 15,115,143,625,0 153,113,277,625,0 316,84,437,617,0 480,36,612,617,0
-47_jpg.rf.e9b98f009223520d7f0999cfc943f539.jpg 75,113,215,603,0 256,117,399,602,0 431,121,559,607,0
imagesf_jpg.rf.e9c6e177df891f76c7c42921eca54d2a.jpg 234,2,412,631,0
0218092130_jpg.rf.ed79c762a6cbf978db690f20725aee1c.jpg 297,231,561,624,0
-360_jpg.rf.edf2566491bdd19c63419a089dda15a2.jpg 38,181,153,541,0 166,137,286,544,0 299,143,429,537,0 435,104,599,541,0
0224022851_jpg.rf.ed712c47cb3a26770f77a7a5f18c9d14.jpg 96,354,573,640,0
-114_jpg.rf.e908a5779d415e0b0e6a654998ad86d1.jpg 32,37,510,640,0
plastic4_jpg.rf.eb179acfa9ac1437ae5a94db87617362.jpg 98,95,468,530,0
0224030508_jpg.rf.ea86c732730725418fad9026efdfcdac.jpg 262,303,576,640,0
-421_jpg.rf.edab56b57d6160f734857651b8ea41d7.jpg 234,107,407,557,0
0224125111_jpg.rf.efcee4a07defcdf363f4cbb44dac5688.jpg 52,318,563,571,0
-300_jpg.rf.f0ab05b42a92020d1bea5b04d51ddead.jpg 47,30,309,629,0 303,40,565,636,0
plastic172_jpg.rf.f11b8f7e8470bb51560048780175507d.jpg 56,121,485,499,0
0224022223_jpg.rf.eaae068a70814110f7220fde7ea58e44.jpg 142,369,575,608,0
0218102722_jpg.rf.f1a5da53078aa4aee70038262efa4f19.jpg 281,364,562,547,0
0224022300_jpg.rf.f0640ddef6b17813f5a6667df14fbd7a.jpg 137,310,573,540,0
0224030715_jpg.rf.f37e64c3593d348d167c54f007f85b8d.jpg 287,356,584,537,0
0218101246_jpg.rf.f3a6d178a4bcd73d658d2750594c77ca.jpg 288,258,584,619,0
0224022451_jpg.rf.f2509503afef891bbe179d79c9018c7e.jpg 86,300,600,640,0
-290_jpg.rf.ef2ab10fda13b3c761271d16a04b0e36.jpg 164,70,256,469,0 278,77,354,473,0 379,134,520,463,0
-351_jpg.rf.f4f51b42403b4a1de28c6aa0fa006f4d.jpg 217,13,424,607,0
plastic353_jpg.rf.ef81062f5e2642ff0dba434ba4223541.jpg 156,177,523,363,0
plastic106_jpg.rf.f45d836151798b26e3db36166751ff59.jpg 0,189,635,532,0
-2_jpg.rf.f508000756c5f5c48adea1a73daeadc4.jpg 243,72,401,607,0
-374_jpg.rf.f580bc5254f331da7793413e99fdbd58.jpg 136,51,249,467,0 328,2,443,458,0
0225100005_jpg.rf.f5f344665c199678b72a4b8503778bf2.jpg 97,325,588,636,0
-44_jpg.rf.f4a08fa9e1d847cd9448fe3276662e4c.jpg 202,92,443,580,0
0224030232_jpg.rf.f5e186b3b66ba9f83b1dada3eedefa3e.jpg 215,340,614,584,0
Datacluster-Bottles-and-Cups-14-_jpg.rf.f508f189134db2fc661c4ad24dc96814.jpg 152,63,474,628,0
plastic21_jpg.rf.f5f6e1ef631925211ac81788f8e6f30b.jpg 81,141,640,503,0
-146_jpg.rf.f68898bf56a7e726ee8309ada67014e5.jpg 162,27,360,601,0 343,26,533,610,0
plastic14_jpg.rf.f6335bd328325426dc77d6345d2bed89.jpg 59,1,549,536,0
0225093332_jpg.rf.f7fd745f0a2635f4c6e6c78509b72537.jpg 90,358,565,575,0
0224022353_jpg.rf.f57ae23a4140700477a4541a75a174c2.jpg 103,257,575,525,0
-31_jpg.rf.f9117d99a968ec35ebbfe71c2aea1457.jpg 102,126,230,506,0 260,132,377,499,0 422,126,550,508,0
-90_jpg.rf.f83193afa6e7c403be22b6e8389dd19f.jpg 316,15,446,582,0
-261_jpg.rf.f9dc57357cb1634ed82f03c8ab11b2da.jpg 23,83,204,553,0 160,73,301,565,0 286,88,427,620,0 422,93,602,640,0
0225093142_jpg.rf.fb0f384fc0266c9e25367bde001f8efc.jpg 79,327,575,561,0
Datacluster-Bottles-and-Cups-38-_jpg.rf.fa9a4a4f9b5529d7191749b7404b0e45.jpg 173,22,406,640,0
2020-02-04-05_33_01-187108_jpg.rf.fb2a4b155cf9dae8a0e2919adb556d71.jpg 200,2,419,557,0
-415_jpg.rf.fd48887f07d17ffab632620606f0885b.jpg 6,399,283,606,0 170,136,311,539,0 330,179,458,543,0
0218100346_jpg.rf.fda18eb697171efafc3670b89cab7898.jpg 274,287,595,558,0
-137_jpg.rf.f6cc7e6b2918345d128c9140d30ac6de.jpg 230,49,424,595,0
2020-02-04-05_31_56-179924_jpg.rf.fdad421c5f1802772807ebc506687a8d.jpg 199,103,375,640,0
0224021753_jpg.rf.fe1475e80a638e43acd1acee2034705c.jpg 125,327,609,589,0
0225092851_jpg.rf.fad2416737d98c5ac5ae41ec839c2517.jpg 60,371,579,635,0
Datacluster-Bottles-and-Cups-13-_jpg.rf.fa8469803060ac0ade2cac1e3797669c.jpg 128,63,413,557,0
0224030355_jpg.rf.fc95865c7e600ffa0363f5c1afba27ea.jpg 210,338,583,591,0
acercamiento-de-la-vista-superior-de-plastico-azul-pequena-botella-de-pet-con-vitamina-agua-y-gorra-blanca-aislado-sobre-fondo-blanco-p22gxy_jpg.rf.fe02d023570b43221196c3ecd1914e5e.jpg 179,46,521,563,0