plastic132_jpg.rf.0517ba8e7418cdb186f147347e1191c4.jpg 0,31,445,640,0
-234_jpg.rf.0b3d6627f6cf532e5c4fc0afeb87eb5d.jpg 155,24,264,614,0 367,17,478,604,0
plastic200_jpg.rf.09e347dc646ba8cd5179c8ba9f223c70.jpg 238,136,487,640,0
0225093658_jpg.rf.090010be8c34d364dc718a028f8a82f0.jpg 77,341,570,640,0
2020-02-04-05_03_31-281206_jpg.rf.02351e4d8ceb724ccfd23b0e5aae7373.jpg 294,3,433,640,0
index_jpg.rf.03da7b98e48cde051d6b1d2677176e73.jpg 277,134,364,577,0 354,180,429,574,0 414,206,492,554,0 484,228,561,558,0 95,68,211,591,0 202,113,301,567,0
2020-02-04-05_05_21-356659_jpg.rf.0822eda9a16a2d9257484cefff1e5ab5.jpg 199,3,487,640,0
0225095847_jpg.rf.09e0968659977f7e33ab6c440b75028b.jpg 85,349,572,640,0
0225095917_jpg.rf.095ba6efd24f87320436760c7d4e0ffe.jpg 111,343,575,629,0
plastic127_jpg.rf.0b60ec7fd9e7c6878b991df4f7ff7f01.jpg 295,129,593,489,0
0225092937_jpg.rf.1426d614886f4cef95b22bc697d4f309.jpg 51,334,560,606,0
0224030617_jpg.rf.13fd040483b60e5a78bfda5eefa11106.jpg 297,351,580,579,0
0224125026_jpg.rf.13b90e55760bbe7b167a01fb8f1e3f0f.jpg 48,351,576,626,0
0224124925_jpg.rf.1366091c44393a997c7e7f722e7719df.jpg 69,293,582,599,0
0224124354_jpg.rf.15a3757cbb45b6dbdea069fba56c8013.jpg 57,269,640,589,0
0225095619_jpg.rf.18022aed4b994195574b79fc51998734.jpg 82,375,592,640,0
0224125418_jpg.rf.1778062ef14402bb168989e19954e2c3.jpg 87,297,570,585,0
-147_jpg.rf.193c5f18eb849c728b25171dc0cd22b2.jpg 196,4,462,640,0
Datacluster-Bottles-and-Cups-32-_jpg.rf.198b424dc5510caa355ae19cf23d1d9c.jpg 168,203,315,440,0 287,210,438,483,0 61,234,239,509,0 458,254,617,504,0
plastic191_jpg.rf.1cd9b82db4d9f9bdd61332f49170c37e.jpg 231,191,638,613,0
0224124722_jpg.rf.11bdeb3a274974455921a90b09fb2a3e.jpg 81,306,573,562,0
image2020-02-18-00_51_27-286398_jpg.rf.1ddf28b807de78c162609b7c8d37c95b.jpg 29,131,416,382,0
0225094515_jpg.rf.1ed93bdb26419e801f76ae9d9e4e26bb.jpg 64,361,586,635,0
-265_jpg.rf.1a7b1068b54b28ded6b47983d64a83e4.jpg 72,109,311,571,0 362,110,586,577,0
0224124615_jpg.rf.204f5e3b0b58e44cc5014daaf146ae43.jpg 54,327,565,532,0
0225094410_jpg.rf.1eeb5f6758e7cbaba5a7f11bc5cd0db2.jpg 57,398,576,636,0
0224030532_jpg.rf.207dc9174a79772023655f82b6ff62f2.jpg 247,326,578,614,0
-305_jpg.rf.24222c28dd2b6a6dfd7c8464f53d7df9.jpg 119,123,275,599,0 271,153,420,604,0
-306_jpg.rf.25e8275cc130875a6aa16ec2cf3b5e83.jpg 134,244,270,628,0 254,249,395,633,0 83,111,202,520,0 302,84,426,367,0
0225100018_jpg.rf.273539aa873c969020df5332baf55305.jpg 113,319,573,638,0
0224124627_jpg.rf.2b431d868ef2905ff47b0c9c2870845d.jpg 40,339,558,573,0
0225095737_jpg.rf.2b599ec8b59a11462faba6098d8dbb71.jpg 93,343,578,596,0
2020-02-04-05_54_38-715611_jpg.rf.2b3b75639c0a364ffae6739c93de9353.jpg 164,20,363,637,0
0224030440_jpg.rf.2c2a3257631ca38fcd1d74b891a4c65d.jpg 396,196,621,640,0
0224125155_jpg.rf.2d117b8942bd3312c176628dedf22fa8.jpg 71,354,599,640,0
image2020-02-18-00_28_01-702891_jpg.rf.3084d9af234b4404ef69f786c788bbef.jpg 31,176,155,527,0
0224030307_jpg.rf.302aec7e26538865638cd64f507846ed.jpg 183,353,591,640,0
0224124548_jpg.rf.2f9dcbeeefc2a5b7bca3f6c5994af3e5.jpg 38,309,578,616,0
0225095415_jpg.rf.2f80f2a870c275913bf57a0af8583109.jpg 59,322,597,584,0
0225102721_jpg.rf.324fc528fd8c5b56f536dce707d44b94.jpg 88,377,573,640,0
71_19-05-2021-10-05-15-oval-180-azul_png_jpg.rf.3521a6288337e1040089933538bea002.jpg 136,28,504,595,0
0225094459_jpg.rf.37a37b6f95ab0a0cbb2366df26ae4ec6.jpg 71,388,583,640,0
0225093225_jpg.rf.368a7107dfad48dc84282c3023817229.jpg 69,351,586,632,0
0225094007_jpg.rf.360f7f6b833c1531068b6eaebe65257f.jpg 83,281,570,562,0
0224125257_jpg.rf.3add09a3294149d539bd8d607be1faa1.jpg 86,269,568,556,0
2020-02-04-05_01_13-344895_jpg.rf.3d85701d5da6fc94e260fa09893ef321.jpg 251,87,458,622,0
2020-02-04-04_58_21-667454_jpg.rf.40610c5fe94112052edd61e883ee7792.jpg 241,83,470,640,0
0225095351_jpg.rf.4273fe5aa6cb8e1faea6f71edb1ceaaa.jpg 45,382,578,578,0
0225092807_jpg.rf.40d628e3194b9b8e5c13ed94b56e4513.jpg 87,378,569,640,0
foto_principal_37_1_jpg.rf.467d9f85570fef70da73b28fa4a15772.jpg 195,103,451,619,0
0225094111_jpg.rf.485d5c55ccbd9b90781900c808c42604.jpg 86,314,599,582,0
0224125057_jpg.rf.45dded7ed9a6b55d5fc2da33cded8117.jpg 33,304,574,590,0
-423_jpg.rf.42973385abae6ba9b9ece068910f496c.jpg 190,33,459,570,0
-177_jpg.rf.4c3b791305fe5eeb5776c0a9582c3291.jpg 187,54,296,553,0 337,52,460,558,0
0224125044_jpg.rf.4f05792c6dcc84d3c8d8be3d0ffb8aa4.jpg 33,326,574,577,0
0224125622_jpg.rf.502a5a55d19f53c8348ac6b6aac6640d.jpg 111,310,571,569,0
2020-02-04-05_04_53-294654_jpg.rf.4b36b2ecc6444d604ac0e610a6ee0b6e.jpg 282,0,430,640,0
0224125219_jpg.rf.4efd2ef247e2213e01206b0977d5e475.jpg 66,304,561,573,0
Datacluster-Bottles-and-Cups-64-_jpg.rf.5276994c23ab601702b79a25231ca199.jpg 262,44,640,531,0 0,122,314,612,0
0224124422_jpg.rf.52d08987e31d70f0aa6b957d9b027eca.jpg 73,317,565,587,0
0224030703_jpg.rf.56adb079cf49a067baf904b70a42af44.jpg 272,333,591,613,0
botella-pet-2LR_jpg.rf.590c93e937dfe737fd3452ff890cef3d.jpg 170,20,519,604,0
-186_jpg.rf.5c964f5c54a699d0e68f7ed1cda7c1c0.jpg 115,81,303,618,0 343,87,535,622,0
plastic157_jpg.rf.5e8a1cc7043a9e108af433699f7ec4e8.jpg 187,120,635,640,0
image2020-02-18-00_00_39-598993_jpg.rf.5f385742b214fba87ecbf21f05941a09.jpg 40,210,143,545,0
0225102735_jpg.rf.5df5f172c10de8c4bb66d3333477e1c7.jpg 92,305,586,619,0
0225092907_jpg.rf.6574d2309bd1feca158e4ca916a896be.jpg 47,367,582,630,0
0225094317_jpg.rf.664ae7952d4b9b7257903bd190c41c7a.jpg 63,371,571,640,0
plastic22_jpg.rf.6406ead4b055dac2da4d34a5e55a4dc8.jpg 191,65,541,497,0
0224124506_jpg.rf.666261080cb489115179db9817f6c424.jpg 50,320,577,585,0
0224124536_jpg.rf.696458b961e0915ff2af1d09660ad72e.jpg 47,356,578,530,0
2020-02-04-05_01_48-169318_jpg.rf.6bc59040fcc286e7c0234f652f081c6d.jpg 223,7,420,640,0
0224125326_jpg.rf.6b04c9ea47e35e65a7bc3f6d2aa790ba.jpg 74,276,565,482,0
0225093348_jpg.rf.67145e97d60bd96a1db35f64c2ad6759.jpg 78,345,589,598,0
0224125529_jpg.rf.6d4443f79157fc9b83c15284c9d5c4e1.jpg 102,278,578,596,0
0224030345_jpg.rf.6e738917def3c967aad05f07add9da08.jpg 204,343,583,539,0
plastic142_jpg.rf.6d453305e22199d446c260f4c1430451.jpg 114,0,445,605,0
plastic262_jpg.rf.6e02570a77b070e160603c1794445585.jpg 187,156,598,640,0
2020-02-04-05_21_01-384874_jpg.rf.7326d862fe6c29be406ba74082df1b4a.jpg 206,49,392,495,0
0225093109_jpg.rf.702653ca5fce221be6adaecc4186202b.jpg 44,339,576,567,0
-240_jpg.rf.76977a52fb05b0714252a60f2bd4be01.jpg 189,127,268,519,0 153,116,219,480,0 268,141,347,511,0 354,121,529,589,0
2020-02-04-05_08_19-500822_jpg.rf.73e46115480c106d9f16bbd475f90cfd.jpg 230,0,435,572,0
0224030220_jpg.rf.76c11821650c8bffc73d431321bd3e3f.jpg 211,411,573,573,0
0225092545_jpg.rf.772d5b947a120e532a629765a1045ca4.jpg 76,304,562,567,0
0224124438_jpg.rf.7724f087c004f182028ab96050345815.jpg 49,326,612,608,0
0224030419_jpg.rf.7899b2d835192d3db5c0cc342856acd8.jpg 210,407,579,613,0
-333_jpg.rf.7c19231b4fd36d2d1a008a279838b193.jpg 203,72,437,602,0
0224124704_jpg.rf.7d4c97c1b41bd0a7f0cde73bbf4a2279.jpg 68,308,579,573,0
0225095640_jpg.rf.7c2811aa118ded1775abcea2474272cb.jpg 110,410,578,640,0
0224125803_jpg.rf.7e702aded9ceb3ff6ce1a96f5f0b7881.jpg 85,281,573,580,0
0224124734_jpg.rf.8663e8debd060b16f3052dc744f5e8f5.jpg 83,322,568,552,0
0218105402_jpg.rf.81851d9d97d0b03655d306fbc68175c3.jpg 64,278,587,543,0
0224124409_jpg.rf.8c28e411088a52f62bf57b7ce16f27e1.jpg 80,296,560,561,0
plastic114_jpg.rf.834d1389a333e33558ffd3c0711c94d1.jpg 0,8,361,640,0
0225094036_jpg.rf.863746fdd957c0151210cbab264e34c5.jpg 76,377,579,585,0
image2020-02-18-00_52_43-228608_jpg.rf.84a2291202be0ada38f06270293f449c.jpg 30,125,363,476,0
KHS-Botellas-PET-con-capa-de-vidrio-cercano-al-100-por-ciento-de-reciclabilidad-GR_jpg.rf.87a8fa9d68d57309b47a532c27d3c990.jpg 213,27,429,592,0
0224124748_jpg.rf.8324d9a1f8ce7525920b7444de72315a.jpg 89,293,563,558,0
0224030607_jpg.rf.89bc1409446ee3f358548d4c82217d49.jpg 275,345,598,546,0
0225092422_jpg.rf.7ffd92cfd1d349f6b7177b96971a6b6c.jpg 78,347,599,607,0
0224124937_jpg.rf.8a79da0e01aeb2115dd3104ab33693e3.jpg 42,311,576,579,0
plastic202_jpg.rf.8ed2c4eac3847ade877fd9b305bea54a.jpg 50,152,595,497,0
image2020-02-18-00_27_33-666634_jpg.rf.92dcabb677b0198c305ea3437cf2dfdb.jpg 44,187,144,514,0
-420_jpg.rf.9115571feb7c4d4dd7d1959d26be33f8.jpg 249,62,413,578,0
-222_jpg.rf.93d4a55f6359ea5a207d4889cace7f36.jpg 140,264,232,575,0 217,58,345,628,0 341,201,426,595,0
image2020-02-18-00_27_46-689974_jpg.rf.961fa2c76c12ded22bbff6f523e28c70.jpg 50,148,257,377,0
0224125701_jpg.rf.95f846a1f1a3c3f63256b90e63cd74a5.jpg 68,324,559,561,0
0225092510_jpg.rf.9476f8d5a032ca8752d9de1741ac92fb.jpg 72,381,574,624,0
0224125722_jpg.rf.95e688e0e9a05acff391540fc27d1c5d.jpg 120,287,592,619,0
0224124600_jpg.rf.96dd9628bf4575849569577c4c226f96.jpg 16,277,583,640,0
botella-de-plastico-desmoronada-en-blanco-desmentida-aislada-209518474_jpg.rf.98afe28b96e149f5759ca93e52d510dc.jpg 133,131,517,577,0
0225092738_jpg.rf.9ea2791ee1536ff2d66c2158f4c1e2a7.jpg 39,377,572,613,0
plastic222_jpg.rf.9d15bc09266830f4291db5bdd80509aa.jpg 228,303,591,640,0
0225093052_jpg.rf.a12634abca438374eb84519f5af1a6d6.jpg 81,329,585,615,0
0224125128_jpg.rf.9f8d0ccc0fad5ae415e9997f46c154cb.jpg 102,258,566,582,0
0218105414_jpg.rf.a42c4550515a6c48b1ca563e42769aec.jpg 77,288,560,547,0
0224125645_jpg.rf.a3a591034cae554093045d3233750791.jpg 102,334,567,546,0
0225102806_jpg.rf.a22c1dd0ce4f1311a78dc9b1b1327ca6.jpg 96,373,572,639,0
0225094216_jpg.rf.a64a617b1e4424eba4a50ec459dabd3f.jpg 67,386,576,640,0
0225094246_jpg.rf.aa54fbdcf817f7172322549de2065a40.jpg 64,353,605,607,0
0225093001_jpg.rf.a96a9f9b868306987c620bf8d689f87a.jpg 48,315,591,582,0
-378_jpg.rf.ad86078cd73b635bdcb655df750816fb.jpg 234,54,450,600,0
0225095943_jpg.rf.aefd6382679ed0594189be1b15c71de0.jpg 89,395,571,640,0
how_to_crush_a_pet_bottle_to_minimize_its_volume_before_being_recycled_jpg.rf.b3c66e0cf4cc981c2d403eb491148f6a.jpg 105,69,204,566,0 268,80,381,565,0 443,322,547,565,0
0224030452_jpg.rf.b79876b485be4e55920ad587612d3e7c.jpg 247,350,586,640,0
2020-02-04-05_07_43-384885_jpg.rf.b81d7e06f554cede3d8b1613b0d19a56.jpg 223,0,423,640,0
0224125559_jpg.rf.ba66714adfb7c1970a9cb75fb74d8ff5.jpg 115,253,570,555,0
0224030244_jpg.rf.babc8a046d76b498d6327670b6026356.jpg 214,324,574,619,0
0224030208_jpg.rf.bbf6ca30f36d65bb2f6d4f7629f5db97.jpg 221,365,572,563,0
plastic209_jpg.rf.c0eb8f07b48cd4ef08c3c153ff1c1115.jpg 140,88,530,640,0
0224030321_jpg.rf.bc5cbd8203984ab08b27eddb36b59719.jpg 196,333,599,591,0
-425_jpg.rf.c43ddbeedfe2b04bca441bf76309ae24.jpg 36,111,170,614,0 364,102,507,614,0
0224125903_jpg.rf.c3ea1dfb1f8700c08dd54f5bbc25f116.jpg 140,356,565,577,0
0224030555_jpg.rf.c3e904295d5d17a1c1e40673f4f3d3d7.jpg 298,318,580,616,0
0225095526_jpg.rf.c58fd91a90489c9c778ea8bc9be164ce.jpg 64,327,574,597,0
0225095603_jpg.rf.c6db9be6056e7467f5a8228950e832f7.jpg 95,295,574,597,0
0225093040_jpg.rf.c5d9cf4d51316efb6a136429657393c4.jpg 47,348,573,608,0
0225092528_jpg.rf.c5ff25d990eb33d4aed538e4dde523bd.jpg 82,340,578,594,0
0224124518_jpg.rf.c797b438cdc43a7458ffb737c91ccc64.jpg 76,310,564,581,0
botellas-PET-31012022-copyright-RESIDUOS-PROFESIONAL-900x300_jpg.rf.c91631ab57939e29a58c8f4c2227b382.jpg 294,19,430,453,0 29,121,278,558,0 448,168,583,632,0 291,377,396,640,0 106,453,188,640,0 240,535,327,640,0 474,0,619,154,0 170,0,270,199,0 379,0,477,205,0 83,0,199,286,0
0225093941_jpg.rf.c813100bfda72e2215b23682fddd609a.jpg 82,324,571,607,0
-199_jpg.rf.c9a76aa9122ef3fa5c9b69c2e17920f9.jpg 185,75,486,578,0
botella-1-litro-pet-normal-caja-75-unds_jpg.rf.c9b498b8068590eeec374608985f5ba9.jpg 240,142,401,547,0
-424_jpg.rf.cd8f9c8a161428af00e1c1051ad0a371.jpg 2,100,140,598,0 98,111,215,595,0 205,125,322,606,0 322,122,425,606,0 429,122,561,609,0 519,122,640,620,0
-32_jpg.rf.c582540961d3b0e24fe08bdebe41a7d4.jpg 64,109,232,525,0 239,111,399,531,0 407,106,575,535,0
-172_jpg.rf.cf0f9575d3c9abef5f29f42e03552419.jpg 30,122,75,275,0 85,64,140,279,0 152,40,211,277,0 228,171,277,280,0 273,66,364,133,0 399,11,478,315,0 537,16,616,315,0 503,410,575,601,0 220,406,290,607,0 125,406,202,607,0 38,406,112,607,0
-227_jpg.rf.d19173ad5513ac0f57bad77aae381f91.jpg 194,58,413,576,0
plastic105_jpg.rf.cfcef8f484a22d42fa213135b2fdd892.jpg 225,78,536,640,0
-197_jpg.rf.d82a899e8a3554856e8d6c9b19d20cbc.jpg 87,39,253,640,0 305,29,478,638,0 501,208,618,630,0
0225092437_jpg.rf.db416579a8fbf7a1746e196e616eb10a.jpg 75,348,576,584,0
0224124957_jpg.rf.dc0c528c24a449ce5558ecc2b6cb89c4.jpg 61,331,561,580,0
-141_jpg.rf.dc096360f16c478c4a7078eeaaf498e5.jpg 158,16,439,621,0
0224125848_jpg.rf.de05ab388564bc33c9ed07ee67fa96c1.jpg 91,285,582,552,0
0224030730_jpg.rf.e2b0f4a723ee265960993530f6359347.jpg 285,354,578,573,0
0224124454_jpg.rf.e2e6619326212b0453b55d1b8b281dbc.jpg 47,326,610,635,0
0225095813_jpg.rf.e52aac04785821a6fde13b3a3551a264.jpg 78,319,572,640,0
0225092457_jpg.rf.dfaa8df17b3a044048a1697c148738aa.jpg 82,400,593,640,0
0225102755_jpg.rf.e36bf6ffe25428749f378307ca3a5d7c.jpg 98,292,579,582,0
-95_jpg.rf.e5a62e0db834f8d12e279918c331bb83.jpg 38,179,230,575,0 237,186,401,578,0 414,181,608,582,0
0225102825_jpg.rf.e89ef8e6dc8fc08c67ed4c7aac5dc3ed.jpg 103,325,574,636,0
0225092622_jpg.rf.e7e2a474172f0b07c51eaac646306067.jpg 67,386,575,607,0
0224030522_jpg.rf.eab9eb28c30f0521cbd6c462334fdd56.jpg 298,340,604,640,0
-59_jpg.rf.e506cfcc54205aea259da6f9dcac3846.jpg 15,115,143,625,0 153,113,277,625,0 316,84,437,617,0 480,36,612,617,0
-360_jpg.rf.edf2566491bdd19c63419a089dda15a2.jpg 38,181,153,541,0 166,137,286,544,0 299,143,429,537,0 435,104,599,541,0
0224030508_jpg.rf.ea86c732730725418fad9026efdfcdac.jpg 262,303,576,640,0
0224125111_jpg.rf.efcee4a07defcdf363f4cbb44dac5688.jpg 52,318,563,571,0
0224030715_jpg.rf.f37e64c3593d348d167c54f007f85b8d.jpg 287,356,584,537,0
-351_jpg.rf.f4f51b42403b4a1de28c6aa0fa006f4d.jpg 217,13,424,607,0
plastic106_jpg.rf.f45d836151798b26e3db36166751ff59.jpg 0,189,635,532,0
0225100005_jpg.rf.f5f344665c199678b72a4b8503778bf2.jpg 97,325,588,636,0
0224030232_jpg.rf.f5e186b3b66ba9f83b1dada3eedefa3e.jpg 215,340,614,584,0
-146_jpg.rf.f68898bf56a7e726ee8309ada67014e5.jpg 162,27,360,601,0 343,26,533,610,0
plastic14_jpg.rf.f6335bd328325426dc77d6345d2bed89.jpg 59,1,549,536,0
0225093332_jpg.rf.f7fd745f0a2635f4c6e6c78509b72537.jpg 90,358,565,575,0
0225093142_jpg.rf.fb0f384fc0266c9e25367bde001f8efc.jpg 79,327,575,561,0
0225092851_jpg.rf.fad2416737d98c5ac5ae41ec839c2517.jpg 60,371,579,635,0
0224030355_jpg.rf.fc95865c7e600ffa0363f5c1afba27ea.jpg 210,338,583,591,0
00000001.jpg 0 31.0 88.0 34.0 124.0
00000002.jpg 0 155.50016 178.0 99.0 252.0
00000003.jpg 0 129.499904 181.0 63.000064 220.0
00000007.jpg 0 157.50016 155.50016 123.0 265.0
00000009.jpg 0 149.5 181.0 120.999918 220.0
00000011.jpg 0 111.499903 167.0 69.000055 260.0
00000015.jpg 0 239.999976 160.50016 398.00000800000004 183.0
00000017.jpg 0 323.50006 208.50016 129.0001 219.0
00000018.jpg 0 264.99984 195.50010699999999 390.0 170.99995
00000019.jpg 0 161.49984 162.49984 103.0 247.0
00000020.jpg 0 151.0 185.50016 126.000138 239.0
00000022.jpg 0 161.0 166.0 84.0 280.0
00000023.jpg 0 160.0 148.49984 128.0 281.0
00000024.jpg 0 162.0 164.0 92.0 274.0
00000025.jpg 0 354.99984 192.0 74.00016 214.0
00000028.jpg 0 92.00004 157.0 70.00004 268.0
00000029.jpg 0 132.50016 209.4999 47.00016 168.9999
00000031.jpg 0 106.999911 211.0 57.9999 204.0
00000034.jpg 0 114.000093 160.50016 83.999948 297.0
00000036.jpg 0 49.5 164.49985900000001 63.0 196.999967
00000038.jpg 0 106.5 165.0 155.0001 294.0
00000043.jpg 0 116.0 164.0 75.999952 264.0
00000044.jpg 0 102.49983999999999 177.0 101.0 274.0
00000050.jpg 0 213.5 157.50016 131.000184 283.0
00000052.jpg 0 207.50016 189.0 201.0 246.0
00000056.jpg 0 166.49984 176.49984 137.0 229.0
00000058.jpg 0 238.5 160.50016 150.99984 295.0
00000059.jpg 0 108.000034 168.0 179.99998399999998 304.0
00000061.jpg 0 130.5 198.500122 36.99984 116.99991800000001
00000062.jpg 0 160.0 159.0 100.0 290.0
00000063.jpg 0 402.50016 87.00005 35.00016 139.99993
00000066.jpg 0 101.499986 179.0 129.000056 248.0
00000067.jpg 0 96.99996300000001 161.49984 89.99993900000001 237.0
00000068.jpg 0 239.00016 135.50003999999998 129.99984 252.99999
00000073.jpg 0 213.5 163.50016 134.99989300000001 267.0
00000074.jpg 0 160.0 171.0 146.0 266.0
00000079.jpg 0 161.49984 159.49984 121.0 259.0
00000083.jpg 0 102.999984 183.50016 122.00001 227.0
00000087.jpg 0 269.0 172.49984 96.0 161.0
00000090.jpg 0 160.50016 164.49984 83.0 293.0
00000094.jpg 0 38.50016 175.50016 71.0 213.0
00000095.jpg 0 243.99984 162.49984 104.00016 239.0
00000098.jpg 0 103.0 181.49984 92.0 219.0
00000100.jpg 0 295.5 138.00005099999998 54.99984 186.000036
00000101.jpg 0 161.0 160.50016 96.0 311.0
00000102.jpg 0 244.49999999999997 121.0 307.0 240.0
00000103.jpg 0 144.0 168.50016 285.99983999999995 73.0
00000105.jpg 0 250.50020200000003 164.49984 60.999970000000005 199.0
00000106.jpg 0 93.00006 159.49984 107.999946 207.0
00000108.jpg 0 249.00000000000003 155.50016 339.99984 179.0
00000109.jpg 0 107.999946 161.49984 88.00009800000001 263.0
00000110.jpg 0 83.49984 152.0001 102.99983999999999 200.000052
00000111.jpg 0 161.49984 177.0 129.0 246.0
00000112.jpg 0 61.49999999999999 139.49988 59.00016 196.99992
00000114.jpg 0 161.0 172.0 118.0 252.0
00000115.jpg 0 39.499944 94.49984 53.00006 135.0
00000119.jpg 0 105.999993 168.50016 165.999922 303.0
00000120.jpg 0 106.5 158.49984 78.999996 243.0
00000123.jpg 0 160.50016 194.0 117.0 214.0
00000124.jpg 0 204.500037 160.50016 80.99988 297.0
00000128.jpg 0 226.99979499999998 171.0 76.000221 234.0
00000130.jpg 0 315.49994 183.50016 62.99982 201.0
00000131.jpg 0 365.00016 169.0 170.00016 296.0
00000132.jpg 0 119.00012799999999 247.50016 54.000128000000004 101.0
00000134.jpg 0 60.999939000000005 187.50016 52.00006 141.0
00000136.jpg 0 51.0 125.5 78.0 206.999951
00000137.jpg 0 130.5 256.0 47.00016 108.0
00000138.jpg 0 160.50016 159.0 149.0 286.0
00000139.jpg 0 62.999959999999994 204.0 57.999919999999996 214.0
00000142.jpg 0 57.50016299999999 243.50016 38.999916 119.0
00000144.jpg 0 222.999896 126.50016000000001 344.00016700000003 217.0
00000148.jpg 0 178.499829 166.49984 67.000125 275.0
00000149.jpg 0 160.0 174.0 90.0 262.0
00000151.jpg 0 87.500007 183.50016 139.00005000000002 243.0
00000153.jpg 0 61.50016 251.49984 41.0 97.0
00000156.jpg 0 183.99983999999998 160.49988 194.00016 208.99998000000002
00000157.jpg 0 69.500106 199.0 58.999941 196.0
00000158.jpg 0 94.500042 165.50016 92.999998 215.0
00000159.jpg 0 55.499840000000006 209.0 71.0 204.0
00000161.jpg 0 45.500087 230.50016 56.999924 139.0
00000164.jpg 0 199.50007000000002 200.50016 67.00000999999999 203.0
00000170.jpg 0 167.99996800000002 148.0 85.999952 270.0
00000172.jpg 0 174.0 219.49984 174.0 131.0
00000178.jpg 0 263.49983999999995 162.0 360.99983999999995 160.00011
00000184.jpg 0 98.999888 175.0 120.000168 270.0
00000185.jpg 0 105.0 115.999954 50.00016 179.99998100000002
00000190.jpg 0 240.0 172.0 69.99983999999999 248.0
00000191.jpg 0 111.999944 210.0 53.99982 186.0
00000198.jpg 0 252.50006000000002 145.0 407.000073 226.0
00000199.jpg 0 162.0 156.50016 82.0 311.0
00000202.jpg 0 247.999975 227.0 42.000029999999995 110.0
00000203.jpg 0 105.0 198.50016 68.0 219.0
00000207.jpg 0 84.0 170.50016 94.0 277.0
00000212.jpg 0 273.50007999999997 216.49984 289.000068 99.0
00000213.jpg 0 18.0 181.50009599999998 30.0 69.00004200000001
00000215.jpg 0 153.49984 170.50016 109.0 231.0
00000216.jpg 0 51.50016 143.0 55.0 172.0
00000218.jpg 0 107.500035 172.0 143.00010600000002 294.0
00000219.jpg 0 239.0 174.0 210.00021800000002 218.0
00000220.jpg 0 105.499965 181.0 135.00003900000002 262.0
00000221.jpg 0 144.0 163.50016 78.0 267.0
00000223.jpg 0 314.00013 178.0 78.00007 258.0
00000224.jpg 0 144.50016 95.49993599999999 39.0 68.999904
00000225.jpg 0 107.000014 184.49984 141.999952 209.0
00000226.jpg 0 321.0 66.500054 75.99984 117.00003
00000228.jpg 0 220.5 162.0 263.00016 273.99989999999997
00000229.jpg 0 48.49984 196.49984 47.0 113.0
00000230.jpg 0 120.0 172.49984 84.0 263.0
00000231.jpg 0 110.00016000000001 175.5 69.99983999999999 219.0
00000232.jpg 0 229.999874 217.50016 90.000209 205.0
00000239.jpg 0 41.499797 214.49984 61.00021399999999 193.0
00000240.jpg 0 110.499927 166.0 90.99999 268.0
00000241.jpg 0 128.49984 187.5 30.99984 88.99992
00000242.jpg 0 46.5 166.5 54.99984 179.00006399999998
00000248.jpg 0 133.50008 160.0 153.000008 300.0
00000249.jpg 0 92.500032 188.50016 125.00006400000001 241.0
00000254.jpg 0 155.0 174.49984 112.0 201.0
00000258.jpg 0 153.0 167.0 138.0 254.0
00000259.jpg 0 127.500096 178.50016 83.000136 253.0
00000261.jpg 0 263.50016 197.50016 41.0 159.0
00000262.jpg 0 112.500088 176.0 120.999948 252.0
00000263.jpg 0 354.99984 156.499992 86.00016 243.00005399999998
00000267.jpg 0 111.0 170.50016 72.0 213.0
00000269.jpg 0 99.0 244.0 56.00016 144.0
00000270.jpg 0 157.50016 183.50016 121.0 237.0
00000272.jpg 0 117.000048 160.50016 80.000031 183.0
00000280.jpg 0 12.0 206.49984 20.0 47.0
00000283.jpg 0 255.0 208.50016 39.99984 143.0
00000284.jpg 0 270.50016 152.0 65.00016000000001 222.0
00000285.jpg 0 171.0 168.0 80.0 260.0
00000286.jpg 0 102.49983999999999 244.49984 145.0 91.0
00000291.jpg 0 67.5001 207.50016 60.999866 205.0
00000296.jpg 0 26.49984 191.0 31.0 100.0
00000297.jpg 0 157.0 153.0 106.0 246.0
00000299.jpg 0 37.999929 111.50016000000001 52.000113 175.0
00000300.jpg 0 129.000122 168.50016 70.000118 229.0
00000301.jpg 0 198.9999 170.0 99.99990000000001 282.0
00000305.jpg 0 125.0 193.50016 242.0 253.0
00000306.jpg 0 217.50016 170.50016 83.0 273.0
00000308.jpg 0 121.00008000000001 160.50016 130.00008 273.0
00000319.jpg 0 122.99999999999999 139.000035 60.0 189.99997199999999
00000320.jpg 0 160.0 185.50016 126.0 231.0
00000321.jpg 0 63.00004 86.50016000000001 36.000144 135.0
00000322.jpg 0 113.499912 165.0 79.000108 286.0
00000323.jpg 0 110.50016 167.0 73.0 212.0
00000327.jpg 0 33.50016 167.50016 41.0 131.0
00000335.jpg 0 160.0 164.49984 254.0 147.0
00000336.jpg 0 225.99984 149.500027 72.0 244.99986099999998
00000337.jpg 0 171.99984 152.0 281.99985599999997 254.0
00000338.jpg 0 164.0 182.0 134.0 252.0
00000342.jpg 0 61.0 253.0 42.0 104.0
00000358.jpg 0 405.0 176.500036 54.0 153.00005399999998
00000365.jpg 0 68.49999000000001 175.50016 134.999982 277.0
00000366.jpg 0 89.49984 167.0 35.0 112.0
00000373.jpg 0 161.49984 161.0 89.0 266.0
00000375.jpg 0 76.500039 241.0 41.000113 132.0
00000377.jpg 0 223.50004 163.0 73.000024 280.0
00000380.jpg 0 67.5 161.49984 73.000035 237.0
00000382.jpg 0 99.999797 175.50016 80.000089 245.0
00000386.jpg 0 106.5 160.0 118.999905 252.0
00000389.jpg 0 43.0 225.50016 50.0 145.0
00000400.jpg 0 118.49990199999999 173.50016 79.000086 249.0
00000401.jpg 0 159.49984 173.50016 165.0 245.0
00000408.jpg 0 78.0 197.0 66.0 194.0
00000409.jpg 0 148.0 173.0 82.0 262.0
00000410.jpg 0 282.50016 142.00002 63.0 210.00006
00000412.jpg 0 131.5 172.49984 210.99990300000002 295.0
00000414.jpg 0 143.500032 162.0 133.000128 268.0
00000417.jpg 0 119.49984 194.49984 75.0 149.0
00000420.jpg 0 283.499982 224.0 45.000134 138.0
00000422.jpg 0 77.00016000000001 170.00003800000002 69.99983999999999 166.00001600000002
00000424.jpg 0 83.500047 158.0 124.99990199999999 280.0
00000426.jpg 0 62.499950999999996 171.49984 70.999929 237.0
00000429.jpg 0 243.000018 145.0 417.99987000000004 254.0
00000434.jpg 0 95.49983999999999 138.49992 66.99984 202.99991999999997
00000437.jpg 0 155.0 165.0 90.0 268.0
00000441.jpg 0 84.999952 155.50016 78.000144 221.0
00000443.jpg 0 227.5 160.0 356.999825 272.0
00000447.jpg 0 162.0 159.49984 126.0 281.0
00000453.jpg 0 45.50016 144.50002 71.00016 200.99996000000002
00000460.jpg 0 285.99983999999995 186.0 81.99984 268.0
00000461.jpg 0 91.499967 170.50016 89.00005300000001 253.0
00000464.jpg 0 145.499838 164.0 53.000178 122.0
00000466.jpg 0 252.50004500000003 158.49984 56.999803 163.0
00000470.jpg 0 156.50016 153.99990000000003 99.0 231.99993
00000472.jpg 0 82.49983999999999 212.49984 141.0 173.0
00000473.jpg 0 160.50016 174.0 95.0 264.0
00000480.jpg 0 157.99991 222.0 48.000036 106.0
00000481.jpg 0 242.50013199999998 245.50016 77.000056 149.0
00000483.jpg 0 84.49984 160.0 71.0 240.0
00000486.jpg 0 287.49984 184.49984 96.99984 207.0
00000487.jpg 0 43.0 223.50016 56.0 177.0
00000494.jpg 0 246.99996000000002 211.49984 178.00005 163.0
00000497.jpg 0 377.00016 171.999938 132.0 204.000124
00000499.jpg 0 128.5 169.49984 79.00000100000001 219.0
00000509.jpg 0 38.00016 117.000052 54.0 180.00008
00000510.jpg 0 105.999978 168.50016 93.999928 257.0
00000512.jpg 0 242.49984 174.49984 73.0 245.0
00000518.jpg 0 53.000167 176.49984 65.999791 209.0
00000519.jpg 0 51.0 192.0 70.0 192.0
00000521.jpg 0 220.49997899999997 194.0 55.000134 222.0
00000523.jpg 0 159.49984 176.49984 137.0 269.0
00000532.jpg 0 112.500088 165.50016 97.000104 277.0
00000541.jpg 0 156.50016 172.49984 143.0 265.0
00000551.jpg 0 67.999932 255.0 83.999916 72.0
00000560.jpg 0 101.00007500000001 166.49984 79.99997499999999 275.0
00000564.jpg 0 79.5 183.0 139.00002600000002 264.0
00000568.jpg 0 102.50000800000001 161.49984 137.00001799999998 285.0
00000574.jpg 0 126.99984 178.0 96.0 278.0
00000579.jpg 0 67.5 112.000086 39.0 131.999934
00000583.jpg 0 244.499802 153.0 458.999834 204.0
00000584.jpg 0 215.500068 155.0 124.99998 276.0
00000587.jpg 0 159.999889 226.0 140.000063 188.0
00000590.jpg 0 146.000128 175.0 282.000084 288.0
00000592.jpg 0 56.499966 173.0 70.999775 244.0
00000599.jpg 0 46.999864 207.0 82.00003199999999 152.0
00000604.jpg 0 239.49984 193.50016 72.99983999999999 223.0
00000614.jpg 0 227.00016 239.49984 279.99984 161.0
00000615.jpg 0 96.500062 172.0 89.000022 290.0
00000619.jpg 0 158.49984 183.50016 153.0 257.0
00000626.jpg 0 108.000208 229.000122 68.000096 183.99999599999998
00000631.jpg 0 128.5 167.50016 68.999874 243.0
00000644.jpg 0 114.50016000000001 163.49994099999998 72.99983999999999 268.99994
00000661.jpg 0 59.0 154.0 105.999872 262.0
00000665.jpg 0 176.49983999999998 239.0001 147.0 93.9999
00000666.jpg 0 124.499991 179.49984 81.000066 257.0
00000684.jpg 0 84.49984 199.0 99.0 186.0
00000685.jpg 0 125.500035 168.50016 153.0 253.0
00000686.jpg 0 153.50000400000002 180.0 87.000084 276.0
00000695.jpg 0 158.49984 180.0 85.0 276.0
00000699.jpg 0 46.49988 238.0 39.00008 132.0
00000700.jpg 0 194.00016 133.49988 80.00016000000001 247.00005000000002
00000705.jpg 0 174.00017200000002 172.49984 56.000150000000005 185.0
00000717.jpg 0 164.00016 169.49984 90.0 279.0
00000727.jpg 0 171.99984 205.0 66.0 210.0
00000729.jpg 0 240.0 133.99992 110.00016000000001 241.99992
00000732.jpg 0 101.999898 229.49984 123.999876 49.0
00000734.jpg 0 201.5 172.49984 89.0 173.0
00000739.jpg 0 178.5 245.0 39.0 128.0
00000751.jpg 0 129.499987 169.49984 80.99997499999999 229.0
00000758.jpg 0 297.50016 216.0 348.99984 168.0
00000760.jpg 0 225.000143 142.49984 314.000172 191.0
00000762.jpg 0 96.999998 163.50016 68.000163 211.0
00000764.jpg 0 276.000186 142.0 133.999866 160.0
00000767.jpg 0 177.500057 193.50016 58.999871 117.0
00000768.jpg 0 276.99985599999997 166.49984 69.999856 249.0
00000775.jpg 0 68.999931 168.50016 111.999888 211.0
00000778.jpg 0 115.50016 210.50016 35.0 151.0
00000784.jpg 0 88.49984 163.0 89.00012000000001 240.0
00000789.jpg 0 162.49984 162.0 137.0 288.0
00000791.jpg 0 63.000007000000004 160.0 95.999848 280.0
00000792.jpg 0 159.0 178.50016 160.0 269.0
00000798.jpg 0 161.000008 193.0 57.999808 180.0
00000801.jpg 0 275.500027 187.50016 151.000043 251.0
00000808.jpg 0 320.49984 83.49983999999999 282.99984 147.0
00000815.jpg 0 26.0 191.49984 22.0 49.0
00000831.jpg 0 232.999809 148.0 216.000085 266.0
00000847.jpg 0 143.0 181.999896 148.00013800000002 256.00005600000003
00000848.jpg 0 58.500234 189.0 73.00008000000001 214.0
00000861.jpg 0 36.99984 196.499924 38.00016 111.0001
00000874.jpg 0 108.999981 178.0 122.00001 274.0
00000878.jpg 0 164.49984 160.50016 143.0 295.0
00000881.jpg 0 152.49984 176.49984 129.0 257.0
00000882.jpg 0 125.99999 167.0 85.999966 254.0
00000889.jpg 0 113.0 172.0 72.0 246.0
00000891.jpg 0 110.0 186.49984 86.0 179.0