0 0.286058 0.773438 0.129808 0.315625
0 0.118990 0.704688 0.151442 0.465625
0 0.180288 0.223438 0.072115 0.296875
0 0.437500 0.776563 0.129808 0.328125
0 0.591346 0.793750 0.125000 0.287500
0 0.905048 0.212500 0.064904 0.275000
0 0.814904 0.173437 0.067308 0.215625
0 0.468750 0.301563 0.100962 0.440625
0 0.598558 0.301563 0.105769 0.440625
0 0.275240 0.434375 0.060096 0.175000
0 0.350962 0.432812 0.052885 0.178125
0 0.281250 0.176563 0.052885 0.209375
0 0.352163 0.178125 0.050481 0.212500
0 0.085337 0.226562 0.069712 0.296875
0 0.712740 0.215625 0.064904 0.268750
