00000001.jpg 0 31.0 88.0 34.0 124.0
00000002.jpg 0 155.50016 178.0 99.0 252.0
00000003.jpg 0 129.499904 181.0 63.000064 220.0
00000007.jpg 0 157.50016 155.50016 123.0 265.0
00000009.jpg 0 149.5 181.0 120.999918 220.0
00000011.jpg 0 111.499903 167.0 69.000055 260.0
00000015.jpg 0 239.999976 160.50016 398.00000800000004 183.0
00000017.jpg 0 323.50006 208.50016 129.0001 219.0
00000018.jpg 0 264.99984 195.50010699999999 390.0 170.99995
00000019.jpg 0 161.49984 162.49984 103.0 247.0
00000020.jpg 0 151.0 185.50016 126.000138 239.0
00000022.jpg 0 161.0 166.0 84.0 280.0
00000023.jpg 0 160.0 148.49984 128.0 281.0
00000024.jpg 0 162.0 164.0 92.0 274.0
00000025.jpg 0 354.99984 192.0 74.00016 214.0
00000028.jpg 0 92.00004 157.0 70.00004 268.0
00000029.jpg 0 132.50016 209.4999 47.00016 168.9999
00000031.jpg 0 106.999911 211.0 57.9999 204.0
00000034.jpg 0 114.000093 160.50016 83.999948 297.0
00000036.jpg 0 49.5 164.49985900000001 63.0 196.999967
00000038.jpg 0 106.5 165.0 155.0001 294.0
00000043.jpg 0 116.0 164.0 75.999952 264.0
00000044.jpg 0 102.49983999999999 177.0 101.0 274.0
00000050.jpg 0 213.5 157.50016 131.000184 283.0
00000052.jpg 0 207.50016 189.0 201.0 246.0
00000056.jpg 0 166.49984 176.49984 137.0 229.0
00000058.jpg 0 238.5 160.50016 150.99984 295.0
00000059.jpg 0 108.000034 168.0 179.99998399999998 304.0
00000061.jpg 0 130.5 198.500122 36.99984 116.99991800000001
00000062.jpg 0 160.0 159.0 100.0 290.0
00000063.jpg 0 402.50016 87.00005 35.00016 139.99993
00000066.jpg 0 101.499986 179.0 129.000056 248.0
00000067.jpg 0 96.99996300000001 161.49984 89.99993900000001 237.0
00000068.jpg 0 239.00016 135.50003999999998 129.99984 252.99999
00000073.jpg 0 213.5 163.50016 134.99989300000001 267.0
00000074.jpg 0 160.0 171.0 146.0 266.0
00000079.jpg 0 161.49984 159.49984 121.0 259.0
00000083.jpg 0 102.999984 183.50016 122.00001 227.0
00000087.jpg 0 269.0 172.49984 96.0 161.0
00000090.jpg 0 160.50016 164.49984 83.0 293.0
00000094.jpg 0 38.50016 175.50016 71.0 213.0
00000095.jpg 0 243.99984 162.49984 104.00016 239.0
00000098.jpg 0 103.0 181.49984 92.0 219.0
00000100.jpg 0 295.5 138.00005099999998 54.99984 186.000036
00000101.jpg 0 161.0 160.50016 96.0 311.0
00000102.jpg 0 244.49999999999997 121.0 307.0 240.0
00000103.jpg 0 144.0 168.50016 285.99983999999995 73.0
00000105.jpg 0 250.50020200000003 164.49984 60.999970000000005 199.0
00000106.jpg 0 93.00006 159.49984 107.999946 207.0
00000108.jpg 0 249.00000000000003 155.50016 339.99984 179.0
00000109.jpg 0 107.999946 161.49984 88.00009800000001 263.0
00000110.jpg 0 83.49984 152.0001 102.99983999999999 200.000052
00000111.jpg 0 161.49984 177.0 129.0 246.0
00000112.jpg 0 61.49999999999999 139.49988 59.00016 196.99992
00000114.jpg 0 161.0 172.0 118.0 252.0
00000115.jpg 0 39.499944 94.49984 53.00006 135.0
00000119.jpg 0 105.999993 168.50016 165.999922 303.0
00000120.jpg 0 106.5 158.49984 78.999996 243.0
00000123.jpg 0 160.50016 194.0 117.0 214.0
00000124.jpg 0 204.500037 160.50016 80.99988 297.0
00000128.jpg 0 226.99979499999998 171.0 76.000221 234.0
00000130.jpg 0 315.49994 183.50016 62.99982 201.0
00000131.jpg 0 365.00016 169.0 170.00016 296.0
00000132.jpg 0 119.00012799999999 247.50016 54.000128000000004 101.0
00000134.jpg 0 60.999939000000005 187.50016 52.00006 141.0
00000136.jpg 0 51.0 125.5 78.0 206.999951
00000137.jpg 0 130.5 256.0 47.00016 108.0
00000138.jpg 0 160.50016 159.0 149.0 286.0
00000139.jpg 0 62.999959999999994 204.0 57.999919999999996 214.0
00000142.jpg 0 57.50016299999999 243.50016 38.999916 119.0
00000144.jpg 0 222.999896 126.50016000000001 344.00016700000003 217.0
00000148.jpg 0 178.499829 166.49984 67.000125 275.0
00000149.jpg 0 160.0 174.0 90.0 262.0
00000151.jpg 0 87.500007 183.50016 139.00005000000002 243.0
00000153.jpg 0 61.50016 251.49984 41.0 97.0
00000156.jpg 0 183.99983999999998 160.49988 194.00016 208.99998000000002
00000157.jpg 0 69.500106 199.0 58.999941 196.0
00000158.jpg 0 94.500042 165.50016 92.999998 215.0
00000159.jpg 0 55.499840000000006 209.0 71.0 204.0
00000161.jpg 0 45.500087 230.50016 56.999924 139.0
00000164.jpg 0 199.50007000000002 200.50016 67.00000999999999 203.0
00000170.jpg 0 167.99996800000002 148.0 85.999952 270.0
00000172.jpg 0 174.0 219.49984 174.0 131.0
00000178.jpg 0 263.49983999999995 162.0 360.99983999999995 160.00011
00000184.jpg 0 98.999888 175.0 120.000168 270.0
00000185.jpg 0 105.0 115.999954 50.00016 179.99998100000002
00000190.jpg 0 240.0 172.0 69.99983999999999 248.0
00000191.jpg 0 111.999944 210.0 53.99982 186.0
00000198.jpg 0 252.50006000000002 145.0 407.000073 226.0
00000199.jpg 0 162.0 156.50016 82.0 311.0
00000202.jpg 0 247.999975 227.0 42.000029999999995 110.0
00000203.jpg 0 105.0 198.50016 68.0 219.0
00000207.jpg 0 84.0 170.50016 94.0 277.0
00000212.jpg 0 273.50007999999997 216.49984 289.000068 99.0
00000213.jpg 0 18.0 181.50009599999998 30.0 69.00004200000001
00000215.jpg 0 153.49984 170.50016 109.0 231.0
00000216.jpg 0 51.50016 143.0 55.0 172.0
00000218.jpg 0 107.500035 172.0 143.00010600000002 294.0
00000219.jpg 0 239.0 174.0 210.00021800000002 218.0
00000220.jpg 0 105.499965 181.0 135.00003900000002 262.0
00000221.jpg 0 144.0 163.50016 78.0 267.0
00000223.jpg 0 314.00013 178.0 78.00007 258.0
00000224.jpg 0 144.50016 95.49993599999999 39.0 68.999904
00000225.jpg 0 107.000014 184.49984 141.999952 209.0
00000226.jpg 0 321.0 66.500054 75.99984 117.00003
00000228.jpg 0 220.5 162.0 263.00016 273.99989999999997
00000229.jpg 0 48.49984 196.49984 47.0 113.0
00000230.jpg 0 120.0 172.49984 84.0 263.0
00000231.jpg 0 110.00016000000001 175.5 69.99983999999999 219.0
00000232.jpg 0 229.999874 217.50016 90.000209 205.0
00000239.jpg 0 41.499797 214.49984 61.00021399999999 193.0
00000240.jpg 0 110.499927 166.0 90.99999 268.0
00000241.jpg 0 128.49984 187.5 30.99984 88.99992
00000242.jpg 0 46.5 166.5 54.99984 179.00006399999998
00000248.jpg 0 133.50008 160.0 153.000008 300.0
00000249.jpg 0 92.500032 188.50016 125.00006400000001 241.0
00000254.jpg 0 155.0 174.49984 112.0 201.0
00000258.jpg 0 153.0 167.0 138.0 254.0
00000259.jpg 0 127.500096 178.50016 83.000136 253.0
00000261.jpg 0 263.50016 197.50016 41.0 159.0
00000262.jpg 0 112.500088 176.0 120.999948 252.0
00000263.jpg 0 354.99984 156.499992 86.00016 243.00005399999998
00000267.jpg 0 111.0 170.50016 72.0 213.0
00000269.jpg 0 99.0 244.0 56.00016 144.0
00000270.jpg 0 157.50016 183.50016 121.0 237.0
00000272.jpg 0 117.000048 160.50016 80.000031 183.0
00000280.jpg 0 12.0 206.49984 20.0 47.0
00000283.jpg 0 255.0 208.50016 39.99984 143.0
00000284.jpg 0 270.50016 152.0 65.00016000000001 222.0
00000285.jpg 0 171.0 168.0 80.0 260.0
00000286.jpg 0 102.49983999999999 244.49984 145.0 91.0
00000291.jpg 0 67.5001 207.50016 60.999866 205.0
00000296.jpg 0 26.49984 191.0 31.0 100.0
00000297.jpg 0 157.0 153.0 106.0 246.0
00000299.jpg 0 37.999929 111.50016000000001 52.000113 175.0
00000300.jpg 0 129.000122 168.50016 70.000118 229.0
00000301.jpg 0 198.9999 170.0 99.99990000000001 282.0
00000305.jpg 0 125.0 193.50016 242.0 253.0
00000306.jpg 0 217.50016 170.50016 83.0 273.0
00000308.jpg 0 121.00008000000001 160.50016 130.00008 273.0
00000319.jpg 0 122.99999999999999 139.000035 60.0 189.99997199999999
00000320.jpg 0 160.0 185.50016 126.0 231.0
00000321.jpg 0 63.00004 86.50016000000001 36.000144 135.0
00000322.jpg 0 113.499912 165.0 79.000108 286.0
00000323.jpg 0 110.50016 167.0 73.0 212.0
00000327.jpg 0 33.50016 167.50016 41.0 131.0
00000335.jpg 0 160.0 164.49984 254.0 147.0
00000336.jpg 0 225.99984 149.500027 72.0 244.99986099999998
00000337.jpg 0 171.99984 152.0 281.99985599999997 254.0
00000338.jpg 0 164.0 182.0 134.0 252.0
00000342.jpg 0 61.0 253.0 42.0 104.0
00000358.jpg 0 405.0 176.500036 54.0 153.00005399999998
00000365.jpg 0 68.49999000000001 175.50016 134.999982 277.0
00000366.jpg 0 89.49984 167.0 35.0 112.0
00000373.jpg 0 161.49984 161.0 89.0 266.0
00000375.jpg 0 76.500039 241.0 41.000113 132.0
00000377.jpg 0 223.50004 163.0 73.000024 280.0
00000380.jpg 0 67.5 161.49984 73.000035 237.0
00000382.jpg 0 99.999797 175.50016 80.000089 245.0
00000386.jpg 0 106.5 160.0 118.999905 252.0
00000389.jpg 0 43.0 225.50016 50.0 145.0
00000400.jpg 0 118.49990199999999 173.50016 79.000086 249.0
00000401.jpg 0 159.49984 173.50016 165.0 245.0
00000408.jpg 0 78.0 197.0 66.0 194.0
00000409.jpg 0 148.0 173.0 82.0 262.0
00000410.jpg 0 282.50016 142.00002 63.0 210.00006
00000412.jpg 0 131.5 172.49984 210.99990300000002 295.0
00000414.jpg 0 143.500032 162.0 133.000128 268.0
00000417.jpg 0 119.49984 194.49984 75.0 149.0
00000420.jpg 0 283.499982 224.0 45.000134 138.0
00000422.jpg 0 77.00016000000001 170.00003800000002 69.99983999999999 166.00001600000002
00000424.jpg 0 83.500047 158.0 124.99990199999999 280.0
00000426.jpg 0 62.499950999999996 171.49984 70.999929 237.0
00000429.jpg 0 243.000018 145.0 417.99987000000004 254.0
00000434.jpg 0 95.49983999999999 138.49992 66.99984 202.99991999999997
00000437.jpg 0 155.0 165.0 90.0 268.0
00000441.jpg 0 84.999952 155.50016 78.000144 221.0
00000443.jpg 0 227.5 160.0 356.999825 272.0
00000447.jpg 0 162.0 159.49984 126.0 281.0
00000453.jpg 0 45.50016 144.50002 71.00016 200.99996000000002
00000460.jpg 0 285.99983999999995 186.0 81.99984 268.0
00000461.jpg 0 91.499967 170.50016 89.00005300000001 253.0
00000464.jpg 0 145.499838 164.0 53.000178 122.0
00000466.jpg 0 252.50004500000003 158.49984 56.999803 163.0
00000470.jpg 0 156.50016 153.99990000000003 99.0 231.99993
00000472.jpg 0 82.49983999999999 212.49984 141.0 173.0
00000473.jpg 0 160.50016 174.0 95.0 264.0
00000480.jpg 0 157.99991 222.0 48.000036 106.0
00000481.jpg 0 242.50013199999998 245.50016 77.000056 149.0
00000483.jpg 0 84.49984 160.0 71.0 240.0
00000486.jpg 0 287.49984 184.49984 96.99984 207.0
00000487.jpg 0 43.0 223.50016 56.0 177.0
00000494.jpg 0 246.99996000000002 211.49984 178.00005 163.0
00000497.jpg 0 377.00016 171.999938 132.0 204.000124
00000499.jpg 0 128.5 169.49984 79.00000100000001 219.0
00000509.jpg 0 38.00016 117.000052 54.0 180.00008
00000510.jpg 0 105.999978 168.50016 93.999928 257.0
00000512.jpg 0 242.49984 174.49984 73.0 245.0
00000518.jpg 0 53.000167 176.49984 65.999791 209.0
00000519.jpg 0 51.0 192.0 70.0 192.0
00000521.jpg 0 220.49997899999997 194.0 55.000134 222.0
00000523.jpg 0 159.49984 176.49984 137.0 269.0
00000532.jpg 0 112.500088 165.50016 97.000104 277.0
00000541.jpg 0 156.50016 172.49984 143.0 265.0
00000551.jpg 0 67.999932 255.0 83.999916 72.0
00000560.jpg 0 101.00007500000001 166.49984 79.99997499999999 275.0
00000564.jpg 0 79.5 183.0 139.00002600000002 264.0
00000568.jpg 0 102.50000800000001 161.49984 137.00001799999998 285.0
00000574.jpg 0 126.99984 178.0 96.0 278.0
00000579.jpg 0 67.5 112.000086 39.0 131.999934
00000583.jpg 0 244.499802 153.0 458.999834 204.0
00000584.jpg 0 215.500068 155.0 124.99998 276.0
00000587.jpg 0 159.999889 226.0 140.000063 188.0
00000590.jpg 0 146.000128 175.0 282.000084 288.0
00000592.jpg 0 56.499966 173.0 70.999775 244.0
00000599.jpg 0 46.999864 207.0 82.00003199999999 152.0
00000604.jpg 0 239.49984 193.50016 72.99983999999999 223.0
00000614.jpg 0 227.00016 239.49984 279.99984 161.0
00000615.jpg 0 96.500062 172.0 89.000022 290.0
00000619.jpg 0 158.49984 183.50016 153.0 257.0
00000626.jpg 0 108.000208 229.000122 68.000096 183.99999599999998
00000631.jpg 0 128.5 167.50016 68.999874 243.0
00000644.jpg 0 114.50016000000001 163.49994099999998 72.99983999999999 268.99994
00000661.jpg 0 59.0 154.0 105.999872 262.0
00000665.jpg 0 176.49983999999998 239.0001 147.0 93.9999
00000666.jpg 0 124.499991 179.49984 81.000066 257.0
00000684.jpg 0 84.49984 199.0 99.0 186.0
00000685.jpg 0 125.500035 168.50016 153.0 253.0
00000686.jpg 0 153.50000400000002 180.0 87.000084 276.0
00000695.jpg 0 158.49984 180.0 85.0 276.0
00000699.jpg 0 46.49988 238.0 39.00008 132.0
00000700.jpg 0 194.00016 133.49988 80.00016000000001 247.00005000000002
00000705.jpg 0 174.00017200000002 172.49984 56.000150000000005 185.0
00000717.jpg 0 164.00016 169.49984 90.0 279.0
00000727.jpg 0 171.99984 205.0 66.0 210.0
00000729.jpg 0 240.0 133.99992 110.00016000000001 241.99992
00000732.jpg 0 101.999898 229.49984 123.999876 49.0
00000734.jpg 0 201.5 172.49984 89.0 173.0
00000739.jpg 0 178.5 245.0 39.0 128.0
00000751.jpg 0 129.499987 169.49984 80.99997499999999 229.0
00000758.jpg 0 297.50016 216.0 348.99984 168.0
00000760.jpg 0 225.000143 142.49984 314.000172 191.0
00000762.jpg 0 96.999998 163.50016 68.000163 211.0
00000764.jpg 0 276.000186 142.0 133.999866 160.0
00000767.jpg 0 177.500057 193.50016 58.999871 117.0
00000768.jpg 0 276.99985599999997 166.49984 69.999856 249.0
00000775.jpg 0 68.999931 168.50016 111.999888 211.0
00000778.jpg 0 115.50016 210.50016 35.0 151.0
00000784.jpg 0 88.49984 163.0 89.00012000000001 240.0
00000789.jpg 0 162.49984 162.0 137.0 288.0
00000791.jpg 0 63.000007000000004 160.0 95.999848 280.0
00000792.jpg 0 159.0 178.50016 160.0 269.0
00000798.jpg 0 161.000008 193.0 57.999808 180.0
00000801.jpg 0 275.500027 187.50016 151.000043 251.0
00000808.jpg 0 320.49984 83.49983999999999 282.99984 147.0
00000815.jpg 0 26.0 191.49984 22.0 49.0
00000831.jpg 0 232.999809 148.0 216.000085 266.0
00000847.jpg 0 143.0 181.999896 148.00013800000002 256.00005600000003
00000848.jpg 0 58.500234 189.0 73.00008000000001 214.0
00000861.jpg 0 36.99984 196.499924 38.00016 111.0001
00000874.jpg 0 108.999981 178.0 122.00001 274.0
00000878.jpg 0 164.49984 160.50016 143.0 295.0
00000881.jpg 0 152.49984 176.49984 129.0 257.0
00000882.jpg 0 125.99999 167.0 85.999966 254.0
00000889.jpg 0 113.0 172.0 72.0 246.0
00000891.jpg 0 110.0 186.49984 86.0 179.0
