plastic132_jpg.rf.0517ba8e7418cdb186f147347e1191c4.jpg 0,31,445,640,0
-234_jpg.rf.0b3d6627f6cf532e5c4fc0afeb87eb5d.jpg 155,24,264,614,0 367,17,478,604,0
plastic200_jpg.rf.09e347dc646ba8cd5179c8ba9f223c70.jpg 238,136,487,640,0
0225093658_jpg.rf.090010be8c34d364dc718a028f8a82f0.jpg 77,341,570,640,0
2020-02-04-05_03_31-281206_jpg.rf.02351e4d8ceb724ccfd23b0e5aae7373.jpg 294,3,433,640,0
index_jpg.rf.03da7b98e48cde051d6b1d2677176e73.jpg 277,134,364,577,0 354,180,429,574,0 414,206,492,554,0 484,228,561,558,0 95,68,211,591,0 202,113,301,567,0
2020-02-04-05_05_21-356659_jpg.rf.0822eda9a16a2d9257484cefff1e5ab5.jpg 199,3,487,640,0
0225095847_jpg.rf.09e0968659977f7e33ab6c440b75028b.jpg 85,349,572,640,0
0225095917_jpg.rf.095ba6efd24f87320436760c7d4e0ffe.jpg 111,343,575,629,0
plastic127_jpg.rf.0b60ec7fd9e7c6878b991df4f7ff7f01.jpg 295,129,593,489,0
0225092937_jpg.rf.1426d614886f4cef95b22bc697d4f309.jpg 51,334,560,606,0
0224030617_jpg.rf.13fd040483b60e5a78bfda5eefa11106.jpg 297,351,580,579,0
0224125026_jpg.rf.13b90e55760bbe7b167a01fb8f1e3f0f.jpg 48,351,576,626,0
0224124925_jpg.rf.1366091c44393a997c7e7f722e7719df.jpg 69,293,582,599,0
0224124354_jpg.rf.15a3757cbb45b6dbdea069fba56c8013.jpg 57,269,640,589,0
0225095619_jpg.rf.18022aed4b994195574b79fc51998734.jpg 82,375,592,640,0
0224125418_jpg.rf.1778062ef14402bb168989e19954e2c3.jpg 87,297,570,585,0
-147_jpg.rf.193c5f18eb849c728b25171dc0cd22b2.jpg 196,4,462,640,0
Datacluster-Bottles-and-Cups-32-_jpg.rf.198b424dc5510caa355ae19cf23d1d9c.jpg 168,203,315,440,0 287,210,438,483,0 61,234,239,509,0 458,254,617,504,0
plastic191_jpg.rf.1cd9b82db4d9f9bdd61332f49170c37e.jpg 231,191,638,613,0
0224124722_jpg.rf.11bdeb3a274974455921a90b09fb2a3e.jpg 81,306,573,562,0
image2020-02-18-00_51_27-286398_jpg.rf.1ddf28b807de78c162609b7c8d37c95b.jpg 29,131,416,382,0
0225094515_jpg.rf.1ed93bdb26419e801f76ae9d9e4e26bb.jpg 64,361,586,635,0
-265_jpg.rf.1a7b1068b54b28ded6b47983d64a83e4.jpg 72,109,311,571,0 362,110,586,577,0
0224124615_jpg.rf.204f5e3b0b58e44cc5014daaf146ae43.jpg 54,327,565,532,0
0225094410_jpg.rf.1eeb5f6758e7cbaba5a7f11bc5cd0db2.jpg 57,398,576,636,0
0224030532_jpg.rf.207dc9174a79772023655f82b6ff62f2.jpg 247,326,578,614,0
-305_jpg.rf.24222c28dd2b6a6dfd7c8464f53d7df9.jpg 119,123,275,599,0 271,153,420,604,0
-306_jpg.rf.25e8275cc130875a6aa16ec2cf3b5e83.jpg 134,244,270,628,0 254,249,395,633,0 83,111,202,520,0 302,84,426,367,0
0225100018_jpg.rf.273539aa873c969020df5332baf55305.jpg 113,319,573,638,0
0224124627_jpg.rf.2b431d868ef2905ff47b0c9c2870845d.jpg 40,339,558,573,0
0225095737_jpg.rf.2b599ec8b59a11462faba6098d8dbb71.jpg 93,343,578,596,0
2020-02-04-05_54_38-715611_jpg.rf.2b3b75639c0a364ffae6739c93de9353.jpg 164,20,363,637,0
0224030440_jpg.rf.2c2a3257631ca38fcd1d74b891a4c65d.jpg 396,196,621,640,0
0224125155_jpg.rf.2d117b8942bd3312c176628dedf22fa8.jpg 71,354,599,640,0
image2020-02-18-00_28_01-702891_jpg.rf.3084d9af234b4404ef69f786c788bbef.jpg 31,176,155,527,0
0224030307_jpg.rf.302aec7e26538865638cd64f507846ed.jpg 183,353,591,640,0
0224124548_jpg.rf.2f9dcbeeefc2a5b7bca3f6c5994af3e5.jpg 38,309,578,616,0
0225095415_jpg.rf.2f80f2a870c275913bf57a0af8583109.jpg 59,322,597,584,0
0225102721_jpg.rf.324fc528fd8c5b56f536dce707d44b94.jpg 88,377,573,640,0
71_19-05-2021-10-05-15-oval-180-azul_png_jpg.rf.3521a6288337e1040089933538bea002.jpg 136,28,504,595,0
0225094459_jpg.rf.37a37b6f95ab0a0cbb2366df26ae4ec6.jpg 71,388,583,640,0
0225093225_jpg.rf.368a7107dfad48dc84282c3023817229.jpg 69,351,586,632,0
0225094007_jpg.rf.360f7f6b833c1531068b6eaebe65257f.jpg 83,281,570,562,0
0224125257_jpg.rf.3add09a3294149d539bd8d607be1faa1.jpg 86,269,568,556,0
2020-02-04-05_01_13-344895_jpg.rf.3d85701d5da6fc94e260fa09893ef321.jpg 251,87,458,622,0
2020-02-04-04_58_21-667454_jpg.rf.40610c5fe94112052edd61e883ee7792.jpg 241,83,470,640,0
0225095351_jpg.rf.4273fe5aa6cb8e1faea6f71edb1ceaaa.jpg 45,382,578,578,0
0225092807_jpg.rf.40d628e3194b9b8e5c13ed94b56e4513.jpg 87,378,569,640,0
foto_principal_37_1_jpg.rf.467d9f85570fef70da73b28fa4a15772.jpg 195,103,451,619,0
0225094111_jpg.rf.485d5c55ccbd9b90781900c808c42604.jpg 86,314,599,582,0
0224125057_jpg.rf.45dded7ed9a6b55d5fc2da33cded8117.jpg 33,304,574,590,0
-423_jpg.rf.42973385abae6ba9b9ece068910f496c.jpg 190,33,459,570,0
-177_jpg.rf.4c3b791305fe5eeb5776c0a9582c3291.jpg 187,54,296,553,0 337,52,460,558,0
0224125044_jpg.rf.4f05792c6dcc84d3c8d8be3d0ffb8aa4.jpg 33,326,574,577,0
0224125622_jpg.rf.502a5a55d19f53c8348ac6b6aac6640d.jpg 111,310,571,569,0
2020-02-04-05_04_53-294654_jpg.rf.4b36b2ecc6444d604ac0e610a6ee0b6e.jpg 282,0,430,640,0
0224125219_jpg.rf.4efd2ef247e2213e01206b0977d5e475.jpg 66,304,561,573,0
Datacluster-Bottles-and-Cups-64-_jpg.rf.5276994c23ab601702b79a25231ca199.jpg 262,44,640,531,0 0,122,314,612,0
0224124422_jpg.rf.52d08987e31d70f0aa6b957d9b027eca.jpg 73,317,565,587,0
0224030703_jpg.rf.56adb079cf49a067baf904b70a42af44.jpg 272,333,591,613,0
botella-pet-2LR_jpg.rf.590c93e937dfe737fd3452ff890cef3d.jpg 170,20,519,604,0
-186_jpg.rf.5c964f5c54a699d0e68f7ed1cda7c1c0.jpg 115,81,303,618,0 343,87,535,622,0
plastic157_jpg.rf.5e8a1cc7043a9e108af433699f7ec4e8.jpg 187,120,635,640,0
image2020-02-18-00_00_39-598993_jpg.rf.5f385742b214fba87ecbf21f05941a09.jpg 40,210,143,545,0
0225102735_jpg.rf.5df5f172c10de8c4bb66d3333477e1c7.jpg 92,305,586,619,0
0225092907_jpg.rf.6574d2309bd1feca158e4ca916a896be.jpg 47,367,582,630,0
0225094317_jpg.rf.664ae7952d4b9b7257903bd190c41c7a.jpg 63,371,571,640,0
plastic22_jpg.rf.6406ead4b055dac2da4d34a5e55a4dc8.jpg 191,65,541,497,0
0224124506_jpg.rf.666261080cb489115179db9817f6c424.jpg 50,320,577,585,0
0224124536_jpg.rf.696458b961e0915ff2af1d09660ad72e.jpg 47,356,578,530,0
2020-02-04-05_01_48-169318_jpg.rf.6bc59040fcc286e7c0234f652f081c6d.jpg 223,7,420,640,0
0224125326_jpg.rf.6b04c9ea47e35e65a7bc3f6d2aa790ba.jpg 74,276,565,482,0
0225093348_jpg.rf.67145e97d60bd96a1db35f64c2ad6759.jpg 78,345,589,598,0
0224125529_jpg.rf.6d4443f79157fc9b83c15284c9d5c4e1.jpg 102,278,578,596,0
0224030345_jpg.rf.6e738917def3c967aad05f07add9da08.jpg 204,343,583,539,0
plastic142_jpg.rf.6d453305e22199d446c260f4c1430451.jpg 114,0,445,605,0
plastic262_jpg.rf.6e02570a77b070e160603c1794445585.jpg 187,156,598,640,0
2020-02-04-05_21_01-384874_jpg.rf.7326d862fe6c29be406ba74082df1b4a.jpg 206,49,392,495,0
0225093109_jpg.rf.702653ca5fce221be6adaecc4186202b.jpg 44,339,576,567,0
-240_jpg.rf.76977a52fb05b0714252a60f2bd4be01.jpg 189,127,268,519,0 153,116,219,480,0 268,141,347,511,0 354,121,529,589,0
2020-02-04-05_08_19-500822_jpg.rf.73e46115480c106d9f16bbd475f90cfd.jpg 230,0,435,572,0
0224030220_jpg.rf.76c11821650c8bffc73d431321bd3e3f.jpg 211,411,573,573,0
0225092545_jpg.rf.772d5b947a120e532a629765a1045ca4.jpg 76,304,562,567,0
0224124438_jpg.rf.7724f087c004f182028ab96050345815.jpg 49,326,612,608,0
0224030419_jpg.rf.7899b2d835192d3db5c0cc342856acd8.jpg 210,407,579,613,0
-333_jpg.rf.7c19231b4fd36d2d1a008a279838b193.jpg 203,72,437,602,0
0224124704_jpg.rf.7d4c97c1b41bd0a7f0cde73bbf4a2279.jpg 68,308,579,573,0
0225095640_jpg.rf.7c2811aa118ded1775abcea2474272cb.jpg 110,410,578,640,0
0224125803_jpg.rf.7e702aded9ceb3ff6ce1a96f5f0b7881.jpg 85,281,573,580,0
0224124734_jpg.rf.8663e8debd060b16f3052dc744f5e8f5.jpg 83,322,568,552,0
0218105402_jpg.rf.81851d9d97d0b03655d306fbc68175c3.jpg 64,278,587,543,0
0224124409_jpg.rf.8c28e411088a52f62bf57b7ce16f27e1.jpg 80,296,560,561,0
plastic114_jpg.rf.834d1389a333e33558ffd3c0711c94d1.jpg 0,8,361,640,0
0225094036_jpg.rf.863746fdd957c0151210cbab264e34c5.jpg 76,377,579,585,0
image2020-02-18-00_52_43-228608_jpg.rf.84a2291202be0ada38f06270293f449c.jpg 30,125,363,476,0
KHS-Botellas-PET-con-capa-de-vidrio-cercano-al-100-por-ciento-de-reciclabilidad-GR_jpg.rf.87a8fa9d68d57309b47a532c27d3c990.jpg 213,27,429,592,0
0224124748_jpg.rf.8324d9a1f8ce7525920b7444de72315a.jpg 89,293,563,558,0
0224030607_jpg.rf.89bc1409446ee3f358548d4c82217d49.jpg 275,345,598,546,0
0225092422_jpg.rf.7ffd92cfd1d349f6b7177b96971a6b6c.jpg 78,347,599,607,0
0224124937_jpg.rf.8a79da0e01aeb2115dd3104ab33693e3.jpg 42,311,576,579,0
plastic202_jpg.rf.8ed2c4eac3847ade877fd9b305bea54a.jpg 50,152,595,497,0
image2020-02-18-00_27_33-666634_jpg.rf.92dcabb677b0198c305ea3437cf2dfdb.jpg 44,187,144,514,0
-420_jpg.rf.9115571feb7c4d4dd7d1959d26be33f8.jpg 249,62,413,578,0
-222_jpg.rf.93d4a55f6359ea5a207d4889cace7f36.jpg 140,264,232,575,0 217,58,345,628,0 341,201,426,595,0
image2020-02-18-00_27_46-689974_jpg.rf.961fa2c76c12ded22bbff6f523e28c70.jpg 50,148,257,377,0
0224125701_jpg.rf.95f846a1f1a3c3f63256b90e63cd74a5.jpg 68,324,559,561,0
0225092510_jpg.rf.9476f8d5a032ca8752d9de1741ac92fb.jpg 72,381,574,624,0
0224125722_jpg.rf.95e688e0e9a05acff391540fc27d1c5d.jpg 120,287,592,619,0
0224124600_jpg.rf.96dd9628bf4575849569577c4c226f96.jpg 16,277,583,640,0
botella-de-plastico-desmoronada-en-blanco-desmentida-aislada-209518474_jpg.rf.98afe28b96e149f5759ca93e52d510dc.jpg 133,131,517,577,0
0225092738_jpg.rf.9ea2791ee1536ff2d66c2158f4c1e2a7.jpg 39,377,572,613,0
plastic222_jpg.rf.9d15bc09266830f4291db5bdd80509aa.jpg 228,303,591,640,0
0225093052_jpg.rf.a12634abca438374eb84519f5af1a6d6.jpg 81,329,585,615,0
0224125128_jpg.rf.9f8d0ccc0fad5ae415e9997f46c154cb.jpg 102,258,566,582,0
0218105414_jpg.rf.a42c4550515a6c48b1ca563e42769aec.jpg 77,288,560,547,0
0224125645_jpg.rf.a3a591034cae554093045d3233750791.jpg 102,334,567,546,0
0225102806_jpg.rf.a22c1dd0ce4f1311a78dc9b1b1327ca6.jpg 96,373,572,639,0
0225094216_jpg.rf.a64a617b1e4424eba4a50ec459dabd3f.jpg 67,386,576,640,0
0225094246_jpg.rf.aa54fbdcf817f7172322549de2065a40.jpg 64,353,605,607,0
0225093001_jpg.rf.a96a9f9b868306987c620bf8d689f87a.jpg 48,315,591,582,0
-378_jpg.rf.ad86078cd73b635bdcb655df750816fb.jpg 234,54,450,600,0
0225095943_jpg.rf.aefd6382679ed0594189be1b15c71de0.jpg 89,395,571,640,0
how_to_crush_a_pet_bottle_to_minimize_its_volume_before_being_recycled_jpg.rf.b3c66e0cf4cc981c2d403eb491148f6a.jpg 105,69,204,566,0 268,80,381,565,0 443,322,547,565,0
0224030452_jpg.rf.b79876b485be4e55920ad587612d3e7c.jpg 247,350,586,640,0
2020-02-04-05_07_43-384885_jpg.rf.b81d7e06f554cede3d8b1613b0d19a56.jpg 223,0,423,640,0
0224125559_jpg.rf.ba66714adfb7c1970a9cb75fb74d8ff5.jpg 115,253,570,555,0
0224030244_jpg.rf.babc8a046d76b498d6327670b6026356.jpg 214,324,574,619,0
0224030208_jpg.rf.bbf6ca30f36d65bb2f6d4f7629f5db97.jpg 221,365,572,563,0
plastic209_jpg.rf.c0eb8f07b48cd4ef08c3c153ff1c1115.jpg 140,88,530,640,0
0224030321_jpg.rf.bc5cbd8203984ab08b27eddb36b59719.jpg 196,333,599,591,0
-425_jpg.rf.c43ddbeedfe2b04bca441bf76309ae24.jpg 36,111,170,614,0 364,102,507,614,0
0224125903_jpg.rf.c3ea1dfb1f8700c08dd54f5bbc25f116.jpg 140,356,565,577,0
0224030555_jpg.rf.c3e904295d5d17a1c1e40673f4f3d3d7.jpg 298,318,580,616,0
0225095526_jpg.rf.c58fd91a90489c9c778ea8bc9be164ce.jpg 64,327,574,597,0
0225095603_jpg.rf.c6db9be6056e7467f5a8228950e832f7.jpg 95,295,574,597,0
0225093040_jpg.rf.c5d9cf4d51316efb6a136429657393c4.jpg 47,348,573,608,0
0225092528_jpg.rf.c5ff25d990eb33d4aed538e4dde523bd.jpg 82,340,578,594,0
0224124518_jpg.rf.c797b438cdc43a7458ffb737c91ccc64.jpg 76,310,564,581,0
botellas-PET-31012022-copyright-RESIDUOS-PROFESIONAL-900x300_jpg.rf.c91631ab57939e29a58c8f4c2227b382.jpg 294,19,430,453,0 29,121,278,558,0 448,168,583,632,0 291,377,396,640,0 106,453,188,640,0 240,535,327,640,0 474,0,619,154,0 170,0,270,199,0 379,0,477,205,0 83,0,199,286,0
0225093941_jpg.rf.c813100bfda72e2215b23682fddd609a.jpg 82,324,571,607,0
-199_jpg.rf.c9a76aa9122ef3fa5c9b69c2e17920f9.jpg 185,75,486,578,0
botella-1-litro-pet-normal-caja-75-unds_jpg.rf.c9b498b8068590eeec374608985f5ba9.jpg 240,142,401,547,0
-424_jpg.rf.cd8f9c8a161428af00e1c1051ad0a371.jpg 2,100,140,598,0 98,111,215,595,0 205,125,322,606,0 322,122,425,606,0 429,122,561,609,0 519,122,640,620,0
-32_jpg.rf.c582540961d3b0e24fe08bdebe41a7d4.jpg 64,109,232,525,0 239,111,399,531,0 407,106,575,535,0
-172_jpg.rf.cf0f9575d3c9abef5f29f42e03552419.jpg 30,122,75,275,0 85,64,140,279,0 152,40,211,277,0 228,171,277,280,0 273,66,364,133,0 399,11,478,315,0 537,16,616,315,0 503,410,575,601,0 220,406,290,607,0 125,406,202,607,0 38,406,112,607,0
-227_jpg.rf.d19173ad5513ac0f57bad77aae381f91.jpg 194,58,413,576,0
plastic105_jpg.rf.cfcef8f484a22d42fa213135b2fdd892.jpg 225,78,536,640,0
-197_jpg.rf.d82a899e8a3554856e8d6c9b19d20cbc.jpg 87,39,253,640,0 305,29,478,638,0 501,208,618,630,0
0225092437_jpg.rf.db416579a8fbf7a1746e196e616eb10a.jpg 75,348,576,584,0
0224124957_jpg.rf.dc0c528c24a449ce5558ecc2b6cb89c4.jpg 61,331,561,580,0
-141_jpg.rf.dc096360f16c478c4a7078eeaaf498e5.jpg 158,16,439,621,0
0224125848_jpg.rf.de05ab388564bc33c9ed07ee67fa96c1.jpg 91,285,582,552,0
0224030730_jpg.rf.e2b0f4a723ee265960993530f6359347.jpg 285,354,578,573,0
0224124454_jpg.rf.e2e6619326212b0453b55d1b8b281dbc.jpg 47,326,610,635,0
0225095813_jpg.rf.e52aac04785821a6fde13b3a3551a264.jpg 78,319,572,640,0
0225092457_jpg.rf.dfaa8df17b3a044048a1697c148738aa.jpg 82,400,593,640,0
0225102755_jpg.rf.e36bf6ffe25428749f378307ca3a5d7c.jpg 98,292,579,582,0
-95_jpg.rf.e5a62e0db834f8d12e279918c331bb83.jpg 38,179,230,575,0 237,186,401,578,0 414,181,608,582,0
0225102825_jpg.rf.e89ef8e6dc8fc08c67ed4c7aac5dc3ed.jpg 103,325,574,636,0
0225092622_jpg.rf.e7e2a474172f0b07c51eaac646306067.jpg 67,386,575,607,0
0224030522_jpg.rf.eab9eb28c30f0521cbd6c462334fdd56.jpg 298,340,604,640,0
-59_jpg.rf.e506cfcc54205aea259da6f9dcac3846.jpg 15,115,143,625,0 153,113,277,625,0 316,84,437,617,0 480,36,612,617,0
-360_jpg.rf.edf2566491bdd19c63419a089dda15a2.jpg 38,181,153,541,0 166,137,286,544,0 299,143,429,537,0 435,104,599,541,0
0224030508_jpg.rf.ea86c732730725418fad9026efdfcdac.jpg 262,303,576,640,0
0224125111_jpg.rf.efcee4a07defcdf363f4cbb44dac5688.jpg 52,318,563,571,0
0224030715_jpg.rf.f37e64c3593d348d167c54f007f85b8d.jpg 287,356,584,537,0
-351_jpg.rf.f4f51b42403b4a1de28c6aa0fa006f4d.jpg 217,13,424,607,0
plastic106_jpg.rf.f45d836151798b26e3db36166751ff59.jpg 0,189,635,532,0
0225100005_jpg.rf.f5f344665c199678b72a4b8503778bf2.jpg 97,325,588,636,0
0224030232_jpg.rf.f5e186b3b66ba9f83b1dada3eedefa3e.jpg 215,340,614,584,0
-146_jpg.rf.f68898bf56a7e726ee8309ada67014e5.jpg 162,27,360,601,0 343,26,533,610,0
plastic14_jpg.rf.f6335bd328325426dc77d6345d2bed89.jpg 59,1,549,536,0
0225093332_jpg.rf.f7fd745f0a2635f4c6e6c78509b72537.jpg 90,358,565,575,0
0225093142_jpg.rf.fb0f384fc0266c9e25367bde001f8efc.jpg 79,327,575,561,0
0225092851_jpg.rf.fad2416737d98c5ac5ae41ec839c2517.jpg 60,371,579,635,0
0224030355_jpg.rf.fc95865c7e600ffa0363f5c1afba27ea.jpg 210,338,583,591,0
