1 0.3375 0.28359375 0.08046875 0.19765625
1 0.54453125 0.296875 0.140625 0.234375
1 0.7015625 0.3046875 0.1328125 0.17734375
1 0.865625 0.6109375 0.07578125 0.3046875
1 0.79453125 0.4921875 0.06796875 0.20859375
1 0.728125 0.41640625 0.07578125 0.171875
1 0.64453125 0.75625 0.09140625 0.1953125
1 0.50390625 0.771875 0.0703125 0.1484375
1 0.31796875 0.77578125 0.0625 0.11953125
1 0.4140625 0.6421875 0.09375 0.2578125
1 0.13828125 0.58359375 0.078125 0.21328125
0 0.79921875 0.725 0.08828125 0.23203125
0 0.23828125 0.446875 0.07578125 0.1171875