0 0.58203125 0.3140625 0.13515625 0.5078125
0 0.74609375 0.26015625 0.10078125 0.38515625
0 0.89609375 0.22890625 0.08515625 0.3125
0 0.903125 0.72265625 0.1265625 0.49765625
0 0.74296875 0.78359375 0.0984375 0.375
0 0.58671875 0.8125 0.08984375 0.3125
0 0.40859375 0.73203125 0.12421875 0.47421875
0 0.25390625 0.8203125 0.08984375 0.30234375
0 0.1046875 0.34921875 0.13984375 0.55234375
0 0.2609375 0.48203125 0.08046875 0.27109375
0 0.40625 0.234375 0.0921875 0.328125
0 0.2625 0.17421875 0.08515625 0.22890625
0 0.1046875 0.83828125 0.08515625 0.27109375